이름,id,연도,팀명,평균자책점,경기,완투,완봉,승리,패배,세이브,홀드,승률,타자수,이닝,피안타,피홈런,볼넷,사구,삼진,실점,자책점
황태환,10082,1982,OB    ,3.86,27,2,0,6,5,3,0,0.545,365,86 1/3,76,12,37,11,42,43,37
황태환,10082,1983,OB    ,2.65,39,0,0,6,6,14,0,0.500,449,105 1/3,105,11,40,5,60,46,31
황태환,10082,1984,OB    ,2.48,17,0,0,0,2,0,0,0.000,159,40,36,3,15,2,19,12,11
황태환,10082,1985,OB,3.53,35,1,1,4,8,1,0,0.333,402,97,79,6,40,2,50,42,38
황태환,10082,1986,OB,2.45,28,0,0,3,3,3,0,0.500,300,73 1/3,69,7,21,1,36,23,20
황태환,10082,1987,OB,5.48,28,0,0,2,3,5,0,0.400,280,65 2/3,73,6,20,1,20,42,40
황태환,10082,1988,OB,6.52,23,1,0,0,2,0,0,0.000,221,49 2/3,58,7,21,1,11,38,36
황태환,10082,1989,OB,0.00,2,0,0,0,0,0,0,-,6,1,2,0,1,0,1,0,0
황기선,10182,1983,해태  ,2.31,19,0,0,4,4,1,0,0.500,265,66 1/3,50,3,14,7,35,27,17
황기선,10182,1984,해태  ,3.76,38,2,0,4,7,1,0,0.364,536,124 1/3,110,10,55,9,65,70,52
황기선,10182,1985,해태,6.49,17,0,0,0,1,0,0,0.000,159,34 2/3,40,3,19,2,15,27,25
황기선,10182,1986,OB,4.44,11,0,0,0,0,0,0,-,108,24 1/3,26,1,15,2,6,14,12
황기선,10182,1987,OB,0.00,2,0,0,0,0,0,0,-,9,1 2/3,3,0,0,0,2,3,0
소형준,50030,2020,KT,3.86,26,0,0,13,6,0,0,0.684,572,133,141,6,45,6,92,63,57
소형준,50030,2021,KT,4.16,24,0,0,7,7,0,0,0.500,521,119,123,6,51,4,85,67,55
소형준,50030,2022,KT,3.05,27,0,0,13,6,0,0,0.684,703,171 1/3,158,8,39,5,117,68,58
소형준,50030,2023,KT,11.45,3,0,0,0,0,0,0,-,59,11,22,1,3,3,4,14,14
이강준,50036,2020,KT,6.35,4,0,0,0,0,0,0,-,33,5 2/3,9,1,5,3,3,4,4
이강준,50036,2021,롯데,10.80,15,0,0,1,0,0,0,1.000,48,8 1/3,11,1,13,2,4,11,10
이강준,50036,2022,롯데,10.24,13,0,0,0,0,0,1,-,57,9 2/3,9,1,20,0,6,11,11
데스파이네,50040,2020,KT,4.33,35,0,0,15,8,0,0,0.652,906,207 2/3,233,18,68,8,152,105,100
데스파이네,50040,2021,KT,3.39,33,0,0,13,10,0,0,0.565,819,188 2/3,175,10,78,7,165,81,71
데스파이네,50040,2022,KT,4.53,30,0,0,8,12,0,0,0.400,725,163,198,14,48,9,123,94,82
유영찬,50106,2023,LG,3.44,67,0,0,6,3,1,12,0.667,305,68,55,4,40,7,55,27,26
성재헌,50109,2020,LG,4.15,4,0,0,0,0,0,0,-,20,4 1/3,6,0,1,1,1,2,2
이민호,50126,2020,LG,3.69,20,0,0,4,4,0,0,0.500,434,97 2/3,94,5,44,10,67,46,40
이민호,50126,2021,LG,4.30,25,0,0,8,9,0,0,0.471,477,115,89,13,45,14,100,58,55
이민호,50126,2022,LG,5.51,26,0,0,12,8,0,0,0.600,540,119 1/3,146,14,43,7,73,77,73
이민호,50126,2023,LG,5.03,5,0,0,0,2,0,0,0.000,91,19 2/3,22,1,10,0,7,13,11
김윤식,50157,2020,LG,6.25,23,0,0,2,4,0,2,0.333,308,67 2/3,87,7,24,6,38,50,47
김윤식,50157,2021,LG,4.46,35,0,0,7,4,0,1,0.636,301,66 2/3,65,3,36,6,56,37,33
김윤식,50157,2022,LG,3.31,23,0,0,8,5,0,0,0.615,483,114 1/3,125,5,27,1,81,46,42
김윤식,50157,2023,LG,4.22,17,0,0,6,4,0,0,0.600,320,74 2/3,86,4,25,3,42,35,35
권휘,50203,2020,두산,5.27,14,0,0,0,1,0,1,0.000,63,13 2/3,16,1,6,2,10,8,8
권휘,50203,2021,두산,2.66,24,0,0,0,0,0,1,-,92,20 1/3,16,0,14,2,15,6,6
권휘,50203,2022,두산,5.79,10,0,0,0,0,0,1,-,40,9 1/3,8,1,5,1,5,6,6
박웅,50205,2021,두산,5.40,10,0,0,0,0,0,0,-,49,11 2/3,12,0,4,3,7,7,7
박웅,50205,2022,두산,3.00,8,0,0,0,0,0,0,-,33,6,7,0,7,0,3,3,2
제환유,50211,2023,두산,13.50,1,0,0,0,0,0,0,-,14,2,3,0,4,0,2,4,3
플렉센,50234,2020,두산,3.01,21,0,0,8,4,0,0,0.667,472,116 2/3,97,6,30,2,132,43,39
이주엽,50262,2020,두산,8.10,4,0,0,0,0,0,0,-,19,3 1/3,3,0,7,0,2,3,3
조제영,50296,2020,두산,10.50,4,0,0,0,1,0,0,0.000,31,6,6,1,7,1,6,7,7
조제영,50296,2021,두산,10.97,6,0,0,0,1,0,0,0.000,60,10 2/3,18,1,10,1,5,13,13
최세창,50298,2020,두산,3.00,3,0,0,0,0,0,0,-,15,3,5,1,0,0,1,2,1
최세창,50298,2021,두산,0.00,1,0,0,0,0,0,0,-,5,1 1/3,1,0,1,0,0,0,0
이종민,50354,2021,키움,23.14,2,0,0,0,0,0,0,-,17,2 1/3,4,1,7,0,3,6,6
이종민,50354,2023,키움,7.24,11,0,0,0,1,0,0,0.000,72,13 2/3,22,0,6,1,10,13,11
김동혁,50360,2020,키움,5.19,8,0,0,0,1,0,0,0.000,36,8 2/3,8,1,1,1,6,5,5
김동혁,50360,2021,키움,5.05,40,0,0,0,5,1,0,0.000,367,82,89,5,34,14,30,51,46
김동혁,50360,2022,키움,4.73,24,0,0,2,1,0,3,0.667,115,26 2/3,28,0,11,1,18,14,14
김동혁,50360,2023,키움,7.32,35,0,0,1,7,0,6,0.125,192,39 1/3,51,1,18,6,24,34,32
김동욱,50393,2021,키움,9.00,3,0,0,0,0,0,0,-,16,3,7,2,1,0,2,3,3
박관진,50397,2020,키움,27.00,1,0,0,0,1,0,0,0.000,3,1/3,1,0,1,0,1,1,1
박관진,50397,2021,키움,81.00,2,0,0,0,0,0,0,-,12,2/3,5,0,3,1,0,9,6
뷰캐넌,50404,2020,삼성,3.45,27,1,0,15,7,0,0,0.682,728,174 2/3,172,16,50,7,121,71,67
뷰캐넌,50404,2021,삼성,3.10,30,1,1,16,5,0,0,0.762,758,177,173,13,59,2,162,71,61
뷰캐넌,50404,2022,삼성,3.04,26,1,1,11,8,0,0,0.579,691,160,176,10,39,8,117,61,54
뷰캐넌,50404,2023,삼성,2.54,30,1,0,12,8,0,0,0.600,784,188,174,4,43,6,139,71,53
박주혁,50411,2022,삼성,1.35,8,0,0,0,0,0,0,-,29,6 2/3,5,1,4,0,3,3,1
허윤동,50449,2020,삼성,4.80,11,0,0,2,1,0,0,0.667,204,45,43,4,31,2,18,26,24
허윤동,50449,2021,삼성,12.27,1,0,0,0,1,0,0,0.000,22,3 2/3,8,1,1,1,3,6,5
허윤동,50449,2022,삼성,6.55,12,0,0,4,3,0,0,0.571,264,55,64,8,34,6,36,43,40
허윤동,50449,2023,삼성,10.13,7,0,0,0,1,0,0,0.000,60,10 2/3,16,0,12,0,8,12,12
황동재,50441,2020,삼성,54.00,1,0,0,0,0,0,0,-,16,1 1/3,8,1,4,0,3,8,8
황동재,50441,2022,삼성,7.06,16,0,0,1,3,0,0,0.250,312,66 1/3,91,9,31,0,53,58,52
황동재,50441,2023,삼성,7.11,7,0,0,0,5,0,0,0.000,155,31 2/3,40,6,21,2,27,27,25
이승민,50464,2020,삼성,6.84,7,0,0,1,3,0,0,0.250,128,26 1/3,34,5,19,0,16,21,20
이승민,50464,2021,삼성,8.58,11,0,0,1,4,0,0,0.200,173,35 2/3,50,6,18,3,22,34,34
이승민,50464,2022,삼성,1.69,2,0,0,0,0,0,0,-,23,5 1/3,2,0,5,0,2,1,1
홍원표,50430,2020,삼성,0.00,1,0,0,0,0,0,0,-,6,1,1,0,1,1,0,0,0
홍원표,50430,2023,삼성,2.45,3,0,0,0,0,0,0,-,15,3 2/3,2,0,2,0,1,1,1
최준용,50556,2020,롯데,4.85,31,0,0,0,2,0,8,0.000,130,29 2/3,31,3,11,2,26,16,16
최준용,50556,2021,롯데,2.85,44,0,0,4,2,1,20,0.667,195,47 1/3,41,6,16,1,45,16,15
최준용,50556,2022,롯데,4.06,68,0,0,3,4,14,6,0.429,303,71,63,10,20,6,80,35,32
최준용,50556,2023,롯데,2.45,47,0,0,2,3,0,14,0.400,210,47 2/3,50,2,18,1,40,15,13
샘슨,50524,2020,롯데,5.40,25,0,0,9,12,0,0,0.429,590,130,167,14,36,6,87,87,78
스트레일리,50558,2020,롯데,2.50,31,0,0,15,4,0,0,0.789,777,194 2/3,148,10,51,7,205,61,54
스트레일리,50558,2021,롯데,4.07,31,0,0,10,12,0,0,0.455,714,165 2/3,162,12,67,7,164,85,75
스트레일리,50558,2022,롯데,2.31,11,0,0,4,2,0,0,0.667,260,62 1/3,54,5,22,6,55,24,16
스트레일리,50558,2023,롯데,4.37,16,0,0,3,5,0,0,0.375,364,80 1/3,82,6,37,10,70,43,39
김민기,50573,2022,롯데,67.50,1,0,0,0,0,0,0,-,8,2/3,6,1,1,0,0,5,5
박재민,50563,2021,롯데,16.88,5,0,0,0,0,0,0,-,13,2 2/3,3,1,2,0,2,5,5
박명현,50592,2020,롯데,27.00,2,0,0,0,0,0,0,-,6,2/3,3,0,1,0,0,2,2
홍민기,50596,2021,롯데,27.00,1,0,0,0,0,0,0,-,3,1/3,0,0,2,0,0,1,1
브룩스,50636,2020,KIA,2.50,23,1,1,11,4,0,0,0.733,586,151 1/3,131,4,24,3,130,43,42
브룩스,50636,2021,KIA,3.35,13,0,0,3,5,0,0,0.375,333,78,93,4,16,1,55,34,29
가뇽,50640,2020,KIA,4.34,28,0,0,11,8,0,0,0.579,702,159 2/3,162,7,64,9,141,86,77
장재혁,50641,2022,KIA,6.00,3,0,0,0,0,0,0,-,15,3,3,0,3,0,4,2,2
최용준,50650,2021,KIA,14.21,3,0,0,0,1,0,0,0.000,39,6 1/3,11,3,7,1,6,10,10
정해영,50662,2020,KIA,3.29,47,0,0,5,4,1,11,0.556,172,38 1/3,41,2,24,2,32,15,14
정해영,50662,2021,KIA,2.20,64,0,0,5,4,34,0,0.556,272,65 1/3,49,5,28,4,49,18,16
정해영,50662,2022,KIA,3.38,55,0,0,3,7,32,0,0.300,238,56,54,3,18,0,43,21,21
정해영,50662,2023,KIA,2.92,52,0,0,3,4,23,1,0.429,218,49 1/3,53,3,20,1,30,18,16
강재민,50705,2020,한화,2.57,50,0,0,1,2,1,14,0.333,203,49,41,3,18,0,57,16,14
강재민,50705,2021,한화,2.13,58,0,0,2,1,5,13,0.667,269,63 1/3,51,2,26,5,55,16,15
강재민,50705,2022,한화,4.21,56,0,0,4,8,7,7,0.333,232,51 1/3,44,7,29,4,39,26,24
강재민,50705,2023,한화,6.44,43,0,0,1,3,0,12,0.250,189,43 1/3,35,5,19,8,42,31,31
장웅정,50706,2020,한화,3.52,2,0,0,0,1,0,0,0.000,35,7 2/3,7,0,6,0,5,3,3
장웅정,50706,2021,한화,9.82,4,0,0,0,0,0,0,-,38,7 1/3,15,4,2,0,4,8,8
남지민,50720,2021,한화,7.36,3,0,0,0,1,0,0,0.000,41,7 1/3,9,1,7,3,3,6,6
남지민,50720,2022,한화,6.37,22,0,0,2,11,0,0,0.154,418,89,109,9,45,3,41,68,63
남지민,50720,2023,한화,6.45,16,0,0,1,7,0,0,0.125,186,37 2/3,54,0,13,6,23,31,27
신지후,50758,2021,한화,0.00,2,0,0,0,0,0,0,-,3,1/3,0,0,1,0,0,2,0
한승주,50726,2020,한화,16.20,1,0,0,0,0,0,0,-,10,1 2/3,3,1,2,0,2,3,3
한승주,50726,2022,한화,6.32,7,0,0,0,0,0,0,-,76,15 2/3,25,0,4,3,12,11,11
한승주,50726,2023,한화,3.95,47,0,0,1,4,0,2,0.200,320,70 2/3,81,6,31,4,55,34,31
양선률,50813,2020,SK,9.00,1,0,0,0,0,0,0,-,5,1,1,1,2,0,0,1,1
양선률,50813,2021,SSG,27.00,1,0,0,0,1,0,0,0.000,10,1,3,0,3,1,1,3,3
박시후,50812,2022,SSG,18.00,2,0,0,0,0,0,0,-,6,1,3,0,0,0,0,2,2
킹험,50815,2020,SK,6.75,2,0,0,0,2,0,0,0.000,52,10 2/3,16,1,4,0,6,11,8
킹험,50815,2021,한화,3.19,25,0,0,10,8,0,0,0.556,591,144,117,11,41,5,131,58,51
킹험,50815,2022,한화,2.76,3,0,0,1,2,0,0,0.333,70,16 1/3,15,1,5,1,18,6,5
핀토,50835,2020,SK,6.17,30,0,0,6,15,0,0,0.286,766,162,198,19,90,11,112,121,111
강태경,50905,2021,NC,5.68,3,0,0,0,1,0,0,0.000,61,12 2/3,13,2,10,2,10,8,8
오원석,50859,2020,SK,5.59,8,0,0,0,1,0,0,0.000,50,9 2/3,12,1,6,1,9,10,6
오원석,50859,2021,SSG,5.89,33,0,0,7,6,0,2,0.538,530,110,125,11,73,10,95,84,72
오원석,50859,2022,SSG,4.50,31,0,0,6,8,0,0,0.429,633,144,158,16,58,3,112,79,72
오원석,50859,2023,SSG,5.23,28,1,0,8,10,0,0,0.444,648,144 2/3,158,11,69,9,88,92,84
안인산,50901,2020,NC,0.00,1,0,0,0,0,0,0,-,3,1,0,0,0,0,0,0,0
안인산,50901,2021,NC,5.40,7,0,0,0,0,0,0,-,34,6 2/3,3,0,7,3,9,5,4
라이트,50912,2020,NC,4.68,29,0,0,11,9,0,0,0.550,696,157 2/3,164,12,63,10,125,87,82
임형원,50900,2020,NC,-,1,0,0,0,0,0,0,-,1,0,1,0,0,0,0,1,1
김태경,50992,2020,NC,0.00,1,0,0,0,0,0,0,-,5,1,0,0,1,0,1,0,0
김태경,50992,2021,NC,4.80,7,0,0,0,0,0,0,-,63,15,11,1,9,1,10,8,8
김태경,50992,2022,NC,3.25,16,0,0,3,2,0,1,0.600,194,44 1/3,36,4,21,5,31,16,16
정구범,50995,2022,NC,13.50,2,0,0,0,0,0,0,-,6,1 1/3,1,1,1,0,2,2,2
정구범,50995,2023,NC,7.82,4,0,0,0,1,0,0,0.000,64,12 2/3,16,3,12,0,6,11,11
한차현,51058,2021,KT,19.64,3,0,0,0,0,0,0,-,23,3 2/3,10,3,2,0,3,8,8
지명성,51060,2021,KT,0.00,3,0,0,1,0,0,0,1.000,16,4,1,0,1,1,4,1,0
지명성,51060,2022,KT,4.50,2,0,0,0,0,0,0,-,10,2,3,0,0,1,1,1,1
김영현,51097,2023,KT,5.45,31,0,0,0,0,1,1,-,150,33,30,4,20,1,35,22,20
송승기,51111,2022,LG,5.40,7,0,0,0,1,0,0,0.000,40,8 1/3,9,1,6,0,10,5,5
송승기,51111,2023,LG,0.00,1,0,0,0,0,0,0,-,5,1,1,0,1,0,0,0,0
수아레즈,51136,2021,LG,2.18,23,0,0,10,2,0,0,0.833,473,115 1/3,91,4,41,4,126,33,28
강효종,51143,2022,LG,3.60,1,0,0,1,0,0,0,1.000,22,5,5,0,4,0,4,2,2
강효종,51143,2023,LG,6.23,7,0,0,1,2,0,0,0.333,103,21 2/3,25,1,12,2,14,18,15
김진수,51154,2021,LG,3.86,3,0,0,0,0,0,0,-,9,2 1/3,2,0,0,0,2,1,1
김동주,51230,2022,두산,7.56,10,0,0,0,0,0,0,-,85,16 2/3,23,5,9,0,13,14,14
김동주,51230,2023,두산,4.14,18,0,0,3,6,0,0,0.333,334,78 1/3,73,5,35,4,59,37,36
최승용,51264,2021,두산,3.93,15,0,0,0,0,0,2,-,83,18 1/3,20,3,10,1,16,10,8
최승용,51264,2022,두산,5.30,48,0,0,3,7,0,5,0.300,423,93 1/3,104,8,43,2,64,59,55
최승용,51264,2023,두산,3.97,34,0,0,3,6,1,0,0.333,479,111,116,9,34,4,82,54,49
미란다,51257,2021,두산,2.33,28,1,1,14,5,0,0,0.737,709,173 2/3,135,11,63,1,225,49,45
미란다,51257,2022,두산,8.22,3,0,0,0,0,0,0,-,43,7 2/3,2,0,18,1,8,7,7
로켓,51234,2021,두산,2.98,21,1,0,9,9,0,0,0.500,540,124,132,5,42,12,112,44,41
김도윤,51294,2021,두산,0.00,1,0,0,0,0,0,0,-,3,1,0,0,0,0,2,0,0
김성진,51301,2021,키움,5.18,46,0,0,1,3,0,2,0.250,188,41 2/3,40,4,23,0,31,30,24
김성진,51301,2022,키움,7.89,23,0,0,0,2,0,2,0.000,105,21 2/3,31,3,10,3,16,25,19
김성진,51301,2023,키움,3.64,55,0,0,3,3,0,7,0.500,208,47,44,5,25,1,38,19,19
장재영,51359,2021,키움,9.17,19,0,0,0,1,0,0,0.000,92,17 2/3,15,0,24,3,14,18,18
장재영,51359,2022,키움,7.71,14,0,0,0,0,0,0,-,70,14,23,2,7,1,19,12,12
장재영,51359,2023,키움,5.53,23,0,0,1,5,0,0,0.167,339,71 2/3,63,4,66,8,67,46,44
스미스,51334,2021,키움,6.30,2,0,0,1,0,0,0,1.000,43,10,9,1,5,0,5,7,7
김준형,51393,2021,키움,3.14,14,0,0,0,0,0,0,-,67,14 1/3,15,2,7,3,8,6,5
김준형,51393,2022,키움,2.03,12,0,0,0,1,0,0,0.000,61,13 1/3,9,0,13,2,6,3,3
김준형,51393,2023,키움,7.04,8,0,0,0,0,0,0,-,36,7 2/3,4,0,6,3,5,6,6
몽고메리,51439,2021,삼성,5.37,11,0,0,2,5,0,0,0.286,244,52,46,3,38,4,55,33,31
이승현,51454,2021,삼성,5.26,41,0,0,1,4,0,7,0.200,174,39 1/3,35,3,23,3,46,24,23
이승현,51454,2022,삼성,4.53,58,0,0,2,4,1,14,0.333,212,47 2/3,43,5,21,3,57,28,24
이승현,51454,2023,삼성,4.98,48,0,0,1,5,5,7,0.167,199,43 1/3,41,6,29,2,37,26,24
이재희,51460,2021,삼성,5.40,5,0,0,0,1,0,0,0.000,95,21 2/3,24,2,10,0,17,13,13
이재희,51460,2023,삼성,3.38,2,0,0,0,0,0,0,-,33,8,4,1,5,0,5,3,3
김진욱,51516,2021,롯데,6.31,39,0,0,4,6,0,8,0.400,227,45 2/3,42,3,49,3,45,32,32
김진욱,51516,2022,롯데,6.36,14,0,0,2,5,0,0,0.286,227,46 2/3,43,3,35,8,52,36,33
김진욱,51516,2023,롯데,6.44,50,0,0,2,1,0,8,0.667,177,36 1/3,37,4,29,2,35,27,26
정우준,51546,2021,롯데,9.53,6,0,0,0,0,0,0,-,29,5 2/3,6,1,5,2,4,6,6
우강훈,51526,2023,롯데,6.00,3,0,0,0,0,0,0,-,29,6,6,0,4,1,5,5,4
프랑코,51567,2021,롯데,5.40,37,0,0,9,8,0,1,0.529,677,150,147,20,75,20,124,97,90
김창훈,51586,2021,롯데,11.25,6,0,0,0,0,0,0,-,41,8,13,1,6,0,6,10,10
김창훈,51586,2022,롯데,5.40,1,0,0,0,0,0,0,-,8,1 2/3,3,0,0,0,2,1,1
김창훈,51586,2023,롯데,2.08,3,0,0,0,0,0,0,-,17,4 1/3,5,0,1,0,1,1,1
송재영,51594,2021,롯데,13.50,19,0,0,0,2,0,1,0.000,79,14 2/3,24,3,12,1,13,23,22
다카하시,51636,2021,KIA,4.91,7,0,0,1,3,0,0,0.250,168,36 2/3,46,4,12,4,46,22,20
멩덴,51619,2021,KIA,3.60,21,0,0,8,3,0,0,0.727,502,120,109,12,35,8,104,53,48
박건우,51645,2021,KIA,0.00,3,0,0,0,0,0,0,-,11,3,2,0,1,1,3,0,0
이승재,51668,2021,KIA,7.50,25,0,0,2,1,0,5,0.667,118,24,26,5,18,3,17,20,20
이승재,51668,2022,KIA,0.00,1,0,0,0,0,0,0,-,4,1,0,0,0,1,1,0,0
장민기,51665,2021,KIA,3.47,21,0,0,2,1,0,2,0.667,114,23 1/3,13,1,29,4,22,11,9
이의리,51648,2021,KIA,3.61,19,0,0,4,5,0,0,0.444,404,94 2/3,69,6,56,2,93,42,38
이의리,51648,2022,KIA,3.86,29,0,0,10,10,0,0,0.500,671,154,128,18,74,9,161,79,66
이의리,51648,2023,KIA,3.96,28,0,0,11,7,0,0,0.611,598,131 2/3,103,4,93,8,156,64,58
김규연,51713,2022,한화,5.27,12,0,0,0,0,0,1,-,70,13 2/3,16,2,12,0,11,11,8
김규연,51713,2023,한화,2.75,23,0,0,0,1,1,0,0.000,85,19 2/3,16,0,10,2,20,7,6
김기중,51715,2021,한화,4.70,15,0,0,2,4,0,0,0.333,260,53 2/3,63,4,36,4,36,32,28
김기중,51715,2022,한화,6.00,5,0,0,0,2,0,0,0.000,63,12,14,4,11,1,8,10,8
김기중,51715,2023,한화,4.63,37,0,0,1,3,0,1,0.250,253,56 1/3,58,4,29,9,46,33,29
배동현,51761,2021,한화,4.50,20,0,0,1,3,0,0,0.250,177,38,34,3,25,4,26,21,19
카펜터,51722,2021,한화,3.97,31,0,0,5,12,0,0,0.294,746,170,150,16,72,19,179,90,75
카펜터,51722,2022,한화,2.50,4,0,0,0,1,0,0,0.000,79,18,19,1,6,1,15,6,5
조요한,51809,2021,SSG,7.71,6,0,0,0,0,0,1,-,38,7,10,0,9,0,4,6,6
조요한,51809,2022,SSG,6.52,23,0,0,2,1,0,5,0.667,89,19 1/3,17,2,13,4,15,15,14
가빌리오,51833,2021,SSG,5.86,15,0,0,6,4,0,0,0.600,351,81 1/3,88,7,30,6,70,54,53
르위키,51834,2021,SSG,3.77,4,0,0,1,0,0,0,1.000,56,14 1/3,15,2,2,0,9,6,6
폰트,51863,2021,SSG,3.46,25,0,0,8,5,0,0,0.615,604,145 2/3,114,12,45,6,157,66,56
폰트,51863,2022,SSG,2.69,28,1,0,13,6,0,0,0.684,729,184,141,18,34,6,170,63,55
김건우,51867,2021,SSG,4.91,6,0,0,0,1,0,0,0.000,54,11,8,1,12,0,7,7,6
김건우,51867,2022,SSG,9.00,2,0,0,0,0,0,0,-,17,3,5,1,4,0,1,3,3
장지훈,51895,2021,SSG,3.92,60,0,0,2,5,1,10,0.286,342,80 1/3,84,6,19,4,51,40,35
장지훈,51895,2022,SSG,4.25,40,0,0,2,0,0,6,1.000,231,55,56,6,11,3,33,26,26
조병현,51897,2021,SSG,8.10,3,0,0,0,0,0,0,-,33,6 2/3,7,1,5,1,8,7,6
이용준,51948,2021,NC,21.60,2,0,0,0,0,0,0,-,12,1 2/3,3,0,4,0,1,4,4
이용준,51948,2022,NC,8.59,10,0,0,0,1,0,0,0.000,116,22,33,4,13,3,19,23,21
이용준,51948,2023,NC,4.30,24,0,0,3,4,0,0,0.429,304,67,60,5,44,2,50,39,32
파슨스,51967,2021,NC,3.72,24,1,0,4,8,0,0,0.333,577,133,109,9,63,11,148,56,55
파슨스,51967,2022,NC,3.56,8,0,0,1,2,0,0,0.333,182,43,34,4,21,1,43,19,17
한재승,51994,2022,NC,2.53,12,0,0,0,0,0,2,-,54,10 2/3,13,0,10,1,11,4,3
한재승,51994,2023,NC,4.66,11,0,0,0,1,0,0,0.000,44,9 2/3,9,2,5,0,10,5,5
벤자민,52043,2022,KT,2.70,17,0,0,5,4,0,0,0.556,385,96 2/3,75,11,24,4,77,34,29
벤자민,52043,2023,KT,3.54,29,0,0,15,6,0,0,0.714,684,160,149,12,45,3,157,79,63
박영현,52060,2022,KT,3.66,52,0,0,0,1,0,2,0.000,219,51 2/3,46,5,20,0,55,23,21
박영현,52060,2023,KT,2.75,68,0,0,3,3,4,32,0.500,308,75 1/3,63,3,23,2,79,25,23
허준혁,52119,2022,LG,9.64,6,0,0,0,0,0,0,-,27,4 2/3,11,3,2,0,4,6,5
이상우,52063,2022,KT,2.70,2,0,0,0,0,0,0,-,14,3 1/3,3,0,2,0,1,1,1
김주완,52140,2022,LG,0.00,1,0,0,0,0,0,0,-,5,1,1,0,1,0,0,0,0
조원태,52149,2022,LG,0.00,2,0,0,0,0,0,0,-,14,4,1,0,2,1,0,0,0
플럿코,52145,2022,LG,2.39,28,0,0,15,5,0,0,0.750,644,162,125,13,38,2,149,53,43
플럿코,52145,2023,LG,2.41,21,0,0,11,3,0,0,0.786,510,123 1/3,115,5,31,3,101,37,33
이병헌,52204,2022,두산,3.60,9,0,0,0,0,0,0,-,28,5,5,0,7,1,5,2,2
이병헌,52204,2023,두산,4.67,36,0,0,0,0,0,5,-,126,27,25,2,22,1,28,16,14
최지강,52206,2022,두산,21.60,2,0,0,0,0,0,0,-,11,1 2/3,6,0,2,0,2,4,4
최지강,52206,2023,두산,5.32,25,0,0,2,1,0,2,0.667,102,22,16,0,20,1,14,13,13
이원재,52295,2023,두산,27.00,1,0,0,0,0,0,0,-,9,1,3,0,3,0,0,3,3
스탁,52234,2022,두산,3.60,29,0,0,9,10,0,0,0.474,722,165,162,9,83,10,138,87,66
브랜든,52257,2022,두산,3.60,11,0,0,5,3,0,0,0.625,276,65,56,5,24,1,40,29,26
브랜든,52257,2023,두산,2.49,18,0,0,11,3,0,0,0.786,427,104 2/3,80,4,30,12,100,34,29
애플러,52308,2022,키움,4.30,33,1,1,6,8,0,0,0.429,622,140 1/3,172,13,40,6,86,69,67
주승우,52330,2022,키움,10.80,4,0,0,0,0,0,0,-,23,3 1/3,5,1,7,0,4,5,4
주승우,52330,2023,키움,9.56,11,0,0,0,1,0,0,0.000,90,16,20,1,21,2,8,18,17
송정인,52391,2022,키움,22.50,1,0,0,0,0,0,0,-,13,2,4,0,3,0,0,5,5
노운현,52394,2022,키움,11.25,5,0,0,0,1,0,0,0.000,28,4,10,0,3,1,3,7,5
이명종,52397,2022,키움,5.27,27,0,0,4,1,0,4,0.800,126,27 1/3,28,3,16,2,20,17,16
이명종,52397,2023,키움,5.21,45,0,0,5,5,0,1,0.500,260,57,66,5,24,6,26,34,33
윤석원,52395,2023,키움,4.50,21,0,0,2,0,0,2,1.000,110,24,29,2,8,0,8,17,12
수아레즈,52457,2022,삼성,2.49,30,0,0,6,8,0,0,0.429,714,173 2/3,151,7,50,4,159,61,48
수아레즈,52457,2023,삼성,3.92,19,0,0,4,7,0,0,0.364,479,108,129,3,32,2,88,54,47
김서준,52460,2022,삼성,10.13,3,0,0,0,0,0,0,-,19,2 2/3,6,1,4,1,2,4,3
김서준,52460,2023,삼성,7.04,8,0,0,0,1,0,1,0.000,39,7 2/3,9,0,6,2,2,6,6
반즈,52528,2022,롯데,3.62,31,0,0,12,12,0,0,0.500,788,186 1/3,176,8,47,18,160,87,75
반즈,52528,2023,롯데,3.28,30,0,0,11,10,0,0,0.524,734,170 1/3,171,6,56,15,147,68,62
이민석,52530,2022,롯데,5.88,27,0,0,1,1,0,5,0.500,167,33 2/3,43,4,19,2,37,27,22
이민석,52530,2023,롯데,0.00,1,0,0,0,0,0,0,-,5,1 1/3,0,0,1,0,1,0,0
진승현,52558,2022,롯데,9.00,10,0,0,0,0,0,0,-,48,9,12,2,7,1,11,9,9
진승현,52558,2023,롯데,5.86,24,0,0,2,2,0,1,0.500,129,27 2/3,34,2,16,0,25,20,18
스파크맨,52557,2022,롯데,5.31,19,0,0,2,4,0,0,0.333,386,84 2/3,97,6,43,4,89,55,50
파노니,52606,2022,KIA,2.72,14,0,0,3,4,0,0,0.429,348,82 2/3,78,5,24,2,73,33,25
파노니,52606,2023,KIA,4.26,16,0,0,6,3,0,0,0.667,351,82 1/3,86,6,23,2,66,41,39
놀린,52637,2022,KIA,2.47,21,0,0,8,8,0,0,0.500,512,124,115,7,24,8,108,41,34
황동하,52641,2023,KIA,6.61,13,0,0,0,3,0,0,0.000,149,31 1/3,35,5,21,1,19,25,23
최지민,52639,2022,KIA,13.50,6,0,0,0,0,0,0,-,36,6,12,1,5,1,7,9,9
최지민,52639,2023,KIA,2.12,58,0,0,6,3,3,12,0.667,244,59 1/3,45,4,26,4,44,17,14
로니,52645,2022,KIA,5.89,10,0,0,3,3,0,0,0.500,208,44 1/3,47,7,28,3,32,36,29
문동주,52701,2022,한화,5.65,13,0,0,1,3,0,2,0.250,127,28 2/3,28,5,14,1,36,19,18
문동주,52701,2023,한화,3.72,23,0,0,8,8,0,0,0.500,503,118 2/3,113,6,42,4,95,52,49
라미레즈,52707,2022,한화,4.13,13,0,0,2,6,0,0,0.250,285,65 1/3,52,4,37,7,47,33,30
이재민,52715,2022,한화,36.00,2,0,0,0,0,0,0,-,15,2,3,0,5,1,0,8,8
박준영,52731,2022,한화,10.64,5,0,0,0,1,0,0,0.000,53,11,13,1,8,0,10,13,13
박준영,52731,2023,한화,18.69,4,0,0,0,0,0,0,-,23,4 1/3,2,0,8,0,7,9,9
페냐,52720,2022,한화,3.72,13,0,0,5,4,0,0,0.556,293,67 2/3,63,4,30,4,72,33,28
페냐,52720,2023,한화,3.60,32,0,0,11,11,0,0,0.500,751,177 1/3,149,14,59,18,147,82,71
모리만도,52808,2022,SSG,1.67,12,0,0,7,1,0,0,0.875,304,75 1/3,57,2,23,4,67,19,14
노바,52833,2022,SSG,6.50,12,0,0,3,4,0,0,0.429,291,63 2/3,78,5,25,5,32,50,46
전영준,52809,2022,SSG,7.20,4,0,0,0,0,0,0,-,25,5,7,2,3,1,7,4,4
신헌민,52873,2022,SSG,9.00,1,0,0,0,0,0,0,-,5,1,3,0,0,0,1,2,1
신헌민,52873,2023,SSG,6.00,11,0,0,0,0,0,0,-,62,12,19,1,6,0,8,10,8
윤태현,52867,2022,SSG,9.00,3,0,0,0,0,0,0,-,10,2,2,0,2,0,2,2,2
이기순,52868,2023,SSG,9.00,2,0,0,0,0,0,0,-,16,3,3,1,4,0,3,3,3
임지민,52902,2023,NC,13.50,2,0,0,0,0,0,0,-,10,1 1/3,2,0,4,0,3,2,2
조민석,52903,2022,NC,4.50,18,0,0,0,1,0,0,0.000,76,16,17,2,12,2,14,9,8
조민석,52903,2023,NC,4.06,35,0,0,1,0,0,4,1.000,137,31,33,2,14,3,28,15,14
더모디,52950,2022,NC,4.54,8,0,0,3,5,0,0,0.375,179,39 2/3,42,3,13,7,37,27,20
박동수,52994,2022,NC,5.52,10,0,0,0,0,0,0,-,74,14 2/3,11,0,21,1,15,10,9
강건,53006,2023,KT,1.35,4,0,0,0,0,1,0,-,28,6 2/3,4,0,3,0,8,1,1
슐서,53040,2023,KT,5.62,9,0,0,1,7,0,0,0.125,221,49 2/3,66,6,14,0,35,32,31
김정운,53029,2023,KT,3.86,5,0,0,0,0,0,0,-,35,7,6,0,6,2,3,4,3
박명근,53139,2023,LG,5.08,57,0,0,4,3,5,9,0.571,236,51 1/3,49,4,28,6,40,31,29
김동규,53164,2023,키움,22.85,4,0,0,0,1,0,0,0.000,31,4 1/3,6,1,12,2,1,12,11
김유성,53262,2023,두산,9.95,7,0,0,0,0,0,0,-,38,6 1/3,6,2,12,0,6,7,7
딜런,53233,2023,두산,8.00,2,0,0,0,1,0,0,0.000,45,9,10,2,5,0,2,9,8
백승우,53298,2023,두산,0.00,6,0,0,0,0,0,0,-,18,4,3,0,3,1,1,0,0
오상원,53300,2023,키움,6.60,11,0,0,0,0,0,0,-,74,15,18,0,9,3,7,11,11
김건희,53312,2023,키움,22.50,3,0,0,0,0,0,0,-,14,2,6,2,2,0,0,5,5
맥키니,53322,2023,키움,6.52,12,0,0,1,9,0,0,0.100,268,59 1/3,61,10,36,1,39,46,43
후라도,53375,2023,키움,2.65,30,0,0,11,8,0,0,0.579,763,183 2/3,164,7,41,9,147,64,54
이호성,53455,2023,삼성,2.65,5,0,0,1,0,0,0,1.000,71,17,11,1,10,0,11,5,5
박권후,53469,2023,삼성,3.38,4,0,0,0,0,0,0,-,13,2 2/3,4,1,1,0,0,2,1
석상호,53560,2023,롯데,0.00,5,0,0,0,0,0,0,-,22,5 1/3,4,0,2,0,6,0,0
윌커슨,53546,2023,롯데,2.26,13,0,0,7,2,0,0,0.778,327,79 2/3,67,3,20,2,81,28,20
이진하,53562,2023,롯데,3.38,9,0,0,0,0,0,0,-,31,8,4,0,3,1,2,3,3
이태연,53594,2023,롯데,15.88,15,0,0,0,0,0,1,-,37,5 2/3,12,1,9,0,4,10,10
장세진,53596,2023,롯데,13.50,2,0,0,0,0,0,0,-,8,1 1/3,2,1,2,0,1,2,2
윤영철,53613,2023,KIA,4.04,25,0,0,8,7,0,0,0.533,528,122 2/3,124,10,48,1,74,59,55
곽도규,53609,2023,KIA,8.49,14,0,0,0,0,0,0,-,61,11 2/3,14,0,10,2,14,11,11
메디나,53645,2023,KIA,6.05,12,0,0,2,6,0,0,0.250,269,58,64,6,29,9,36,42,39
앤더슨,53664,2023,KIA,3.76,14,0,0,4,7,0,0,0.364,336,79,76,6,26,2,64,42,33
산체스,53665,2023,KIA,5.94,12,1,0,4,4,0,0,0.500,285,63 2/3,79,7,15,4,59,46,42
산체스,53714,2023,한화,3.79,24,0,0,7,8,0,0,0.467,540,126,136,13,28,6,99,62,53
스미스,53734,2023,한화,6.75,1,0,0,0,0,0,0,-,12,2 2/3,3,0,0,1,2,2,2
김서현,53754,2023,한화,7.25,20,0,0,0,0,1,0,-,114,22 1/3,22,1,23,7,26,20,18
엘리아스,53825,2023,SSG,3.70,22,0,0,8,6,0,0,0.571,548,131 1/3,140,12,33,6,93,58,54
맥카티,53833,2023,SSG,3.39,24,0,0,9,5,0,0,0.643,543,130,124,10,45,1,116,58,49
이로운,53892,2023,SSG,5.62,50,0,0,6,1,0,5,0.857,268,57 2/3,67,7,29,1,52,39,36
태너,53909,2023,NC,2.92,11,0,0,5,2,0,0,0.714,265,64 2/3,58,6,13,1,47,26,21
송영진,53898,2023,SSG,5.70,17,0,0,3,3,0,0,0.500,220,47 1/3,46,3,31,2,38,35,30
페디,53913,2023,NC,2.00,30,0,0,20,6,0,0,0.769,708,180 1/3,137,9,35,4,209,46,40
와이드너,53927,2023,삼성,4.54,21,0,0,7,5,0,0,0.583,495,115,112,7,40,6,99,65,58
이준호,53996,2023,NC,4.83,17,0,0,3,2,0,0,0.600,144,31 2/3,32,3,15,4,19,22,17
이승현,60146,2015,LG,5.87,15,0,0,0,0,0,0,-,71,15 1/3,14,1,10,1,21,10,10
이승현,60146,2016,LG,5.49,38,0,0,3,1,0,3,0.750,191,41,46,5,23,4,29,28,25
이승현,60146,2017,삼성,5.12,30,0,0,2,0,0,0,1.000,156,31 2/3,36,9,22,1,25,21,18
이승현,60146,2018,삼성,7.94,19,0,0,1,1,0,2,0.500,82,17,23,4,7,2,14,15,15
이승현,60146,2019,삼성,1.95,34,0,0,2,1,0,8,0.667,147,37,28,2,11,1,31,11,8
이승현,60146,2020,삼성,3.48,65,0,0,1,2,0,14,0.333,226,54 1/3,45,11,25,0,52,22,21
이승현,60146,2021,삼성,9.53,21,0,0,1,1,0,1,0.500,86,17,30,6,8,0,7,18,18
이승현,60146,2022,삼성,4.68,54,0,0,0,2,0,13,0.000,217,50,48,5,22,3,39,26,26
이승현,60146,2023,삼성,3.60,60,0,0,4,4,0,14,0.500,264,60,68,5,15,0,42,29,24
곤잘레스,60154,2010,LG,7.68,9,0,0,0,6,0,0,0.000,206,43 1/3,49,4,21,5,23,40,37
신정락,60140,2010,LG,6.31,24,0,0,0,1,0,2,0.000,129,25 2/3,25,1,22,6,24,23,18
신정락,60140,2011,LG,1.02,11,0,0,0,0,0,1,-,74,17 2/3,12,0,8,1,19,4,2
신정락,60140,2012,LG,0.00,1,0,0,0,0,0,0,-,3,2/3,0,0,1,0,0,1,0
신정락,60140,2013,LG,4.26,26,0,0,9,5,0,0,0.643,525,122 2/3,128,8,30,16,82,62,58
신정락,60140,2014,LG,6.66,15,0,0,1,3,0,0,0.250,220,51 1/3,53,8,16,5,39,38,38
신정락,60140,2017,LG,5.34,63,0,0,3,5,10,12,0.375,265,59,61,4,24,10,58,42,35
신정락,60140,2018,LG,5.86,49,0,0,3,7,0,5,0.300,227,50 2/3,59,5,17,6,56,37,33
신정락,60140,2019,한화,5.84,44,0,0,5,1,0,5,0.833,207,44 2/3,48,6,21,6,35,33,29
신정락,60140,2020,한화,9.00,16,0,0,0,1,0,0,0.000,57,12,15,2,7,2,14,12,12
신정락,60140,2021,한화,8.55,20,0,0,0,2,0,2,0.000,102,20,25,3,15,3,14,24,19
신정락,60140,2022,한화,4.02,44,0,0,2,1,1,4,0.667,215,47,52,4,16,7,23,25,21
신정락,60140,2023,롯데,4.66,34,0,0,4,0,0,1,1.000,128,29,32,4,11,3,28,15,15
오카모토,60156,2010,LG,3.00,46,0,0,5,3,16,1,0.625,205,48,36,6,29,4,40,17,16
더마트레,60139,2010,LG,8.22,15,0,0,4,6,0,0,0.400,300,61 1/3,83,10,37,3,29,58,56
배민관,60105,2016,LG,6.35,2,0,0,0,0,0,0,-,23,5 2/3,5,3,1,0,1,4,4
배민관,60105,2017,LG,9.82,4,0,0,0,0,0,0,-,19,3 2/3,6,1,4,0,2,4,4
배민관,60105,2018,LG,1.64,8,0,0,0,0,0,0,-,51,11,9,0,4,2,11,2,2
유경국,60164,2010,LG,18.00,1,0,0,0,0,0,0,-,7,1,3,0,1,0,1,2,2
유경국,60164,2016,LG,6.75,2,0,0,0,0,0,0,-,25,5 1/3,7,1,4,0,0,4,4
이성진,60198,2012,LG,19.29,2,0,0,0,0,0,0,-,13,2 1/3,3,2,3,1,1,5,5
히메네스,60240,2010,두산,3.32,27,1,0,14,5,0,0,0.737,654,152,139,7,62,9,87,65,56
김지용,60181,2010,LG,7.88,5,0,0,0,0,0,0,-,34,8,10,2,3,0,5,7,7
김지용,60181,2015,LG,4.13,24,0,0,1,1,0,0,0.500,137,32 2/3,30,4,12,1,28,15,15
김지용,60181,2016,LG,3.57,51,0,0,3,4,0,17,0.429,258,63,52,9,18,5,56,25,25
김지용,60181,2017,LG,5.09,53,0,0,4,3,3,8,0.571,235,53,59,13,14,2,39,33,30
김지용,60181,2018,LG,5.36,48,0,0,5,6,1,13,0.455,198,47,52,10,9,2,42,30,28
김지용,60181,2020,LG,14.73,4,0,0,0,0,0,0,-,18,3 2/3,5,1,2,0,4,6,6
김지용,60181,2021,LG,0.00,3,0,0,0,0,0,0,-,16,4,2,0,1,1,5,0,0
김지용,60181,2022,두산,6.05,18,0,0,1,0,0,0,1.000,82,19 1/3,19,5,5,1,13,14,13
정대현,60264,2010,두산,6.91,14,0,0,0,0,0,1,-,70,14 1/3,16,1,11,1,6,13,11
정대현,60264,2011,두산,10.13,5,0,0,0,0,0,0,-,15,2 2/3,4,0,2,1,2,3,3
정대현,60264,2012,두산,5.20,23,0,0,1,2,0,0,0.333,164,36 1/3,38,4,23,3,23,23,21
정대현,60264,2013,두산,18.41,5,0,0,0,0,0,0,-,48,7 1/3,21,1,6,0,2,15,15
정대현,60264,2014,두산,7.90,12,0,0,1,1,0,0,0.500,136,27 1/3,29,2,25,1,21,27,24
정대현,60264,2015,KT,5.19,30,0,0,5,11,0,0,0.313,542,118,138,19,62,4,82,80,68
정대현,60264,2016,KT,7.29,22,0,0,4,10,0,0,0.286,428,91 1/3,115,13,44,5,57,82,74
정대현,60264,2017,넥센,7.06,17,0,0,3,8,0,0,0.273,306,66 1/3,91,13,23,3,27,55,52
정대현,60264,2020,키움,10.13,1,0,0,0,0,0,0,-,13,2 2/3,5,1,0,0,3,3,3
장민익,60255,2010,두산,10.54,9,0,0,0,0,0,0,-,79,13 2/3,25,2,15,0,6,16,16
장민익,60255,2011,두산,3.12,4,0,0,0,0,0,0,-,38,8 2/3,11,1,3,0,6,3,3
장민익,60255,2014,두산,3.38,8,0,0,0,0,0,1,-,22,5 1/3,7,0,2,0,1,2,2
장민익,60255,2015,두산,29.25,4,0,0,0,0,0,0,-,31,4,11,4,8,0,4,14,13
장민익,60255,2017,두산,0.00,3,0,0,0,0,0,0,-,8,2,0,0,2,0,2,0,0
장민익,60255,2018,두산,27.00,3,0,0,0,0,0,0,-,14,2,5,3,2,1,2,6,6
이재학,60263,2010,두산,5.01,16,0,0,1,1,0,0,0.500,107,23 1/3,21,3,13,6,18,14,13
이재학,60263,2013,NC,2.88,27,2,1,10,5,1,0,0.667,646,156,123,12,59,14,144,53,50
이재학,60263,2014,NC,4.21,29,1,0,10,9,0,0,0.526,668,156,152,16,68,8,131,77,73
이재학,60263,2015,NC,4.10,29,0,0,10,8,0,1,0.556,545,125,115,17,58,9,116,58,57
이재학,60263,2016,NC,4.58,26,0,0,12,4,0,0,0.750,569,127 2/3,140,19,54,6,134,72,65
이재학,60263,2017,NC,5.67,28,0,0,5,7,0,0,0.417,546,119,142,22,41,13,117,88,75
이재학,60263,2018,NC,4.79,29,1,0,5,13,0,0,0.278,658,152 1/3,157,13,49,10,116,87,81
이재학,60263,2019,NC,3.75,24,0,0,10,4,0,0,0.714,560,129 2/3,133,6,43,9,91,62,54
이재학,60263,2020,NC,6.55,19,0,0,5,6,0,0,0.455,410,90 2/3,105,14,43,5,61,66,66
이재학,60263,2021,NC,5.20,17,2,1,6,6,0,0,0.500,370,83,74,14,52,6,65,50,48
이재학,60263,2022,NC,4.75,26,0,0,3,8,0,0,0.273,406,91,75,5,54,8,72,56,48
이재학,60263,2023,NC,4.54,15,0,0,5,5,0,0,0.500,293,67 1/3,55,6,33,5,43,36,34
문성현,60336,2010,넥센,4.93,32,0,0,1,5,0,0,0.167,299,69 1/3,63,9,46,1,57,43,38
문성현,60336,2011,넥센,4.34,30,0,0,5,12,0,0,0.294,581,130 2/3,129,13,78,4,108,63,63
문성현,60336,2012,넥센,4.23,13,0,0,1,1,0,3,0.500,162,38 1/3,38,0,11,0,31,21,18
문성현,60336,2013,넥센,4.50,17,0,0,5,4,0,0,0.556,280,64,73,8,22,3,55,35,32
문성현,60336,2014,넥센,5.91,20,0,0,9,4,0,1,0.692,402,85 1/3,96,12,48,5,51,59,56
문성현,60336,2015,넥센,6.28,34,0,0,0,5,0,1,0.000,425,91 2/3,114,10,39,5,58,75,64
문성현,60336,2018,넥센,0.00,1,0,0,0,0,0,0,-,5,1,1,0,1,0,1,0,0
문성현,60336,2020,키움,4.20,10,0,0,1,1,0,0,0.500,63,15,13,1,11,0,13,7,7
문성현,60336,2021,키움,5.40,4,0,0,0,0,0,0,-,18,3 1/3,3,0,6,0,3,2,2
문성현,60336,2022,키움,3.27,45,0,0,0,1,13,9,0.000,168,41 1/3,34,3,14,1,32,16,15
문성현,60336,2023,키움,4.45,32,0,0,2,2,0,2,0.500,134,28 1/3,26,2,20,2,21,16,14
번사이드,60329,2010,넥센,5.34,29,0,0,10,10,0,0,0.500,655,140,150,16,82,18,98,91,83
김대유,60337,2014,SK,10.03,9,0,0,0,1,0,0,0.000,65,11 2/3,12,1,19,1,14,13,13
김대유,60337,2017,SK,9.64,6,0,0,0,0,0,0,-,24,4 2/3,8,1,2,0,3,5,5
김대유,60337,2019,KT,2.33,21,0,0,0,0,0,0,-,111,27,21,1,12,4,23,7,7
김대유,60337,2020,LG,23.14,3,0,0,0,0,0,0,-,14,2 1/3,5,0,1,1,1,6,6
김대유,60337,2021,LG,2.13,64,0,0,4,1,0,24,0.800,209,50 2/3,32,2,15,9,56,13,12
김대유,60337,2022,LG,2.04,59,0,0,2,1,0,13,0.667,172,39 2/3,35,2,15,8,36,11,9
김대유,60337,2023,KIA,5.11,41,0,0,0,2,0,4,0.000,110,24 2/3,26,2,8,6,20,15,14
김건태,60339,2010,넥센,9.39,5,0,0,0,0,0,0,-,36,7 2/3,10,1,4,1,5,8,8
김건태,60339,2012,넥센,3.60,6,0,0,0,0,0,0,-,45,10,10,1,5,1,7,8,4
김건태,60339,2015,넥센,7.04,13,0,0,0,2,0,1,0.000,79,15 1/3,20,2,10,3,11,14,12
김건태,60339,2016,넥센,5.26,34,0,0,1,5,0,0,0.167,288,63 1/3,71,9,29,6,28,44,37
김건태,60339,2017,넥센,12.00,5,0,0,1,0,0,0,1.000,32,6,13,1,2,0,5,8,8
김건태,60339,2018,NC,5.43,21,0,0,2,3,0,0,0.400,247,53,60,7,24,7,39,38,32
김건태,60339,2019,NC,3.68,44,0,0,0,2,0,7,0.000,215,51 1/3,49,5,16,4,32,23,21
김건태,60339,2020,NC,4.89,33,0,0,1,1,0,4,0.500,155,35,29,4,25,2,37,19,19
김건태,60339,2021,NC,5.40,6,0,0,0,0,0,0,-,29,6 2/3,2,1,7,0,5,4,4
김건태,60339,2022,NC,4.42,16,0,0,0,0,0,0,-,86,18 1/3,22,2,12,2,16,15,9
정회찬,60342,2011,넥센,0.00,1,0,0,0,0,0,0,-,7,2,0,0,1,1,0,0,0
정회찬,60342,2015,넥센,9.00,1,0,0,0,0,0,0,-,6,1,2,1,1,0,1,1,1
정회찬,60342,2016,넥센,6.52,11,0,0,0,0,0,0,-,47,9 2/3,8,0,9,2,2,7,7
이규대,60439,2011,삼성,0.00,2,0,0,0,0,0,0,-,13,3 1/3,3,0,1,0,0,0,0
레딩,60430,2010,삼성,5.09,9,0,0,1,3,0,1,0.250,153,35 1/3,40,2,11,2,19,20,20
임진우,60441,2010,삼성,2.65,15,0,0,2,1,0,1,0.667,69,17,11,2,9,2,10,5,5
임진우,60441,2011,삼성,4.40,11,0,0,0,0,0,0,-,66,14 1/3,17,1,4,2,10,7,7
임진우,60441,2012,삼성,5.11,12,0,0,0,0,0,0,-,51,12 1/3,7,3,6,1,12,7,7
임진우,60441,2017,두산,27.00,1,0,0,0,0,0,0,-,8,1,4,0,1,0,1,3,3
김현우,60457,2010,삼성,5.40,2,0,0,0,0,0,0,-,7,1 2/3,1,1,1,0,2,1,1
김현우,60457,2013,삼성,3.46,10,0,0,0,0,0,0,-,55,13,11,2,6,0,18,5,5
김현우,60457,2014,삼성,2.32,29,0,0,1,0,0,1,1.000,123,31,25,4,8,1,29,8,8
김현우,60457,2015,삼성,7.30,11,0,0,0,0,0,0,-,55,12 1/3,14,5,5,1,14,10,10
김현우,60457,2016,삼성,3.48,17,0,0,1,0,0,0,1.000,91,20 2/3,26,3,4,2,19,9,8
김현우,60457,2017,삼성,9.28,8,0,0,0,0,0,0,-,52,10 2/3,15,4,3,2,11,13,11
박시영,60559,2010,롯데,22.50,2,0,0,0,0,0,0,-,14,2,5,2,3,1,3,5,5
박시영,60559,2016,롯데,5.40,42,0,0,2,3,0,1,0.400,277,61 2/3,64,6,29,2,57,38,37
박시영,60559,2017,롯데,6.47,47,0,0,2,3,0,5,0.400,261,57,60,14,32,1,52,45,41
박시영,60559,2018,롯데,8.54,21,0,0,0,0,0,0,-,129,26 1/3,35,6,14,1,19,27,25
박시영,60559,2019,롯데,4.23,43,0,0,1,1,0,4,0.500,262,61 2/3,51,5,27,4,60,30,29
박시영,60559,2020,롯데,8.01,36,0,0,1,1,0,1,0.500,145,30 1/3,32,5,23,1,21,27,27
박시영,60559,2021,KT,2.40,48,0,0,3,3,0,12,0.500,180,45,30,4,15,1,51,16,12
박시영,60559,2022,KT,4.60,17,0,0,0,2,0,5,0.000,68,15 2/3,19,2,4,0,11,8,8
사도스키,60594,2010,롯데,3.87,27,0,0,10,8,0,0,0.556,713,169 2/3,153,17,54,8,120,83,73
사도스키,60594,2011,롯데,3.91,25,0,0,11,8,0,0,0.579,587,140 1/3,130,15,52,6,79,64,61
사도스키,60594,2012,롯데,4.32,29,1,0,8,8,0,1,0.500,656,150,154,9,69,6,98,75,72
심동섭,60636,2010,KIA,6.75,5,0,0,0,0,0,1,-,13,2 2/3,3,0,2,0,0,2,2
심동섭,60636,2011,KIA,2.77,57,0,0,3,1,2,7,0.750,237,55 1/3,37,1,31,4,67,21,17
심동섭,60636,2012,KIA,6.23,10,0,0,0,2,0,1,0.000,86,17 1/3,22,2,13,0,10,17,12
심동섭,60636,2013,KIA,3.24,28,0,0,0,2,0,3,0.000,118,25,20,1,19,4,27,13,9
심동섭,60636,2014,KIA,5.52,57,0,0,1,5,4,9,0.167,209,45 2/3,44,3,28,3,46,30,28
심동섭,60636,2015,KIA,5.02,69,0,0,3,1,1,21,0.750,257,57 1/3,47,7,43,3,71,35,32
심동섭,60636,2016,KIA,6.45,54,0,0,5,2,1,13,0.714,182,37 2/3,45,5,21,4,33,30,27
심동섭,60636,2017,KIA,5.68,52,0,0,2,2,2,11,0.500,233,50 2/3,64,6,21,0,50,34,32
심동섭,60636,2018,KIA,6.35,7,0,0,0,0,0,1,-,27,5 2/3,7,0,3,0,5,4,4
이정훈,60635,2012,KIA,20.25,2,0,0,0,0,0,0,-,9,1 1/3,4,0,1,0,1,3,3
임기준,60634,2012,KIA,18.00,3,0,0,0,0,0,0,-,16,3,5,1,3,0,3,6,6
임기준,60634,2015,KIA,6.62,17,0,0,1,3,0,0,0.250,175,34,39,4,27,12,26,32,25
임기준,60634,2016,KIA,6.03,19,0,0,0,2,1,1,0.000,158,31 1/3,37,2,33,4,15,23,21
임기준,60634,2017,KIA,3.27,15,0,0,0,1,1,2,0.000,104,22,25,1,15,0,12,9,8
임기준,60634,2018,KIA,3.54,55,0,0,5,1,2,8,0.833,243,56,59,7,23,3,45,27,22
임기준,60634,2019,KIA,3.44,52,0,0,2,2,0,6,0.500,162,36 2/3,32,1,16,4,24,17,14
라이트,60649,2010,KIA,5.00,2,0,0,0,1,0,0,0.000,43,9,5,0,9,2,12,5,5
콜론,60697,2010,KIA,3.91,21,1,0,8,7,0,0,0.533,454,103 2/3,97,6,41,9,57,51,45
안승민,60713,2010,한화,5.43,25,0,0,4,4,0,0,0.500,280,63,80,10,15,2,28,43,38
안승민,60713,2011,한화,5.89,29,0,0,7,9,0,0,0.438,618,139,177,22,30,8,90,101,91
안승민,60713,2012,한화,4.75,62,0,0,3,7,16,5,0.300,305,72,69,6,21,5,53,41,38
안승민,60713,2013,한화,7.49,18,0,0,3,4,0,2,0.429,161,33 2/3,51,5,9,1,12,31,28
카페얀,60726,2010,한화,9.15,15,0,0,0,11,0,0,0.000,300,59,87,9,41,5,33,63,60
데폴라,60729,2010,한화,4.58,41,0,0,6,12,3,1,0.333,575,131 2/3,133,8,58,10,68,74,67
데폴라,60729,2011,한화,5.48,17,0,0,1,3,0,0,0.250,200,44 1/3,51,3,24,5,34,29,27
부에노,60727,2010,한화,9.10,9,0,0,1,3,0,0,0.250,144,29 2/3,38,7,19,4,23,33,30
김경태,60757,2011,한화,0.00,1,0,0,0,0,0,0,-,3,1,0,0,0,0,3,0,0
김경태,60757,2012,한화,5.40,3,0,0,0,0,0,0,-,9,1 2/3,1,0,3,0,0,1,1
김경태,60757,2013,한화,6.56,16,0,0,0,4,0,2,0.000,115,23 1/3,21,1,21,5,15,20,17
김경태,60757,2016,한화,7.71,10,0,0,0,0,0,0,-,58,11 2/3,17,2,9,0,12,10,10
김경태,60757,2017,한화,1.42,19,0,0,1,0,0,6,1.000,58,12 2/3,12,0,9,2,17,3,2
김경태,60757,2018,한화,16.88,3,0,0,0,0,0,0,-,17,2 2/3,4,2,5,0,2,5,5
김경태,60757,2019,한화,4.09,17,0,0,0,0,0,0,-,54,11,14,0,8,0,10,5,5
김용주,60764,2010,한화,40.50,2,0,0,0,2,0,0,0.000,18,2,6,2,5,1,1,9,9
김용주,60764,2013,한화,3.86,6,0,0,0,0,0,0,-,33,7,8,0,4,0,9,4,3
김용주,60764,2015,한화,3.38,2,0,0,1,0,0,0,1.000,33,8,4,0,6,0,3,3,3
김용주,60764,2016,한화,9.77,17,0,0,0,2,0,0,0.000,79,15 2/3,19,2,15,0,12,18,17
김용주,60764,2018,KT,18.00,1,0,0,0,0,0,0,-,13,2,5,1,2,0,2,4,4
이태양,60768,2012,한화,13.50,1,0,0,0,0,0,0,-,12,2,5,0,1,0,1,3,3
이태양,60768,2013,한화,6.23,31,0,0,0,3,0,0,0.000,278,60 2/3,75,10,23,6,39,44,42
이태양,60768,2014,한화,5.29,30,0,0,7,10,0,0,0.412,677,153,183,27,41,7,96,100,90
이태양,60768,2016,한화,4.97,29,0,0,5,8,1,0,0.385,512,112 1/3,128,15,62,3,60,66,62
이태양,60768,2017,한화,7.17,16,0,0,3,6,0,0,0.333,275,59,79,12,26,2,29,49,47
이태양,60768,2018,한화,2.84,63,0,0,4,2,0,12,0.667,325,79 1/3,66,10,23,4,85,30,25
이태양,60768,2019,한화,5.81,55,0,0,1,6,0,10,0.143,283,66 2/3,74,8,13,3,64,44,43
이태양,60768,2020,SK,5.46,53,0,0,2,1,0,4,0.667,250,56,68,8,16,1,45,35,34
이태양,60768,2021,SSG,5.73,40,0,0,5,10,0,4,0.333,456,103 2/3,123,25,32,1,62,66,66
이태양,60768,2022,SSG,3.62,30,0,0,8,3,0,1,0.727,472,112,116,15,24,5,61,50,45
이태양,60768,2023,한화,3.23,50,0,0,3,3,0,2,0.500,422,100 1/3,100,7,21,3,72,44,36
박종훈,60841,2011,SK,2.70,7,0,0,0,0,0,0,-,26,6 2/3,4,1,3,0,5,2,2
박종훈,60841,2012,SK,8.00,8,0,0,1,2,0,0,0.333,89,18,21,0,14,4,16,17,16
박종훈,60841,2015,SK,5.19,33,0,0,6,8,0,0,0.429,530,118,123,7,53,17,105,74,68
박종훈,60841,2016,SK,5.66,28,0,0,8,13,0,0,0.381,650,140,141,17,91,23,104,102,88
박종훈,60841,2017,SK,4.10,29,0,0,12,7,0,1,0.632,664,151 1/3,145,16,61,25,107,74,69
박종훈,60841,2018,SK,4.18,30,0,0,14,8,0,0,0.636,702,159 1/3,158,16,54,20,133,81,74
박종훈,60841,2019,SK,3.88,28,0,0,8,11,0,0,0.421,643,144,157,12,59,13,100,72,62
박종훈,60841,2020,SK,4.81,29,0,0,13,11,0,0,0.542,691,157 1/3,146,14,78,22,134,90,84
박종훈,60841,2021,SSG,2.82,9,0,0,4,2,0,0,0.667,222,54 1/3,40,2,17,7,41,19,17
박종훈,60841,2022,SSG,6.00,11,0,0,3,5,0,0,0.375,220,48,52,6,21,8,40,34,32
박종훈,60841,2023,SSG,6.19,18,0,0,2,6,0,0,0.250,382,80,77,8,60,19,56,57,55
문광은,60845,2010,SK,4.82,12,0,0,0,0,0,0,-,75,18 2/3,13,1,11,0,16,10,10
문광은,60845,2011,SK,1.93,4,0,0,0,0,0,0,-,20,4 2/3,5,0,2,0,6,1,1
문광은,60845,2014,SK,6.34,9,0,0,1,2,0,0,0.333,149,32 2/3,40,7,10,0,23,26,23
문광은,60845,2015,SK,6.85,53,0,0,1,5,1,11,0.167,304,64 1/3,87,13,27,4,54,55,49
문광은,60845,2016,SK,9.53,17,0,0,1,1,0,1,0.500,85,17,30,6,7,0,13,18,18
문광은,60845,2017,SK,7.05,46,0,0,2,4,2,5,0.333,199,44 2/3,51,5,20,4,41,36,35
문광은,60845,2018,LG,12.15,6,0,0,0,1,0,0,0.000,35,6 2/3,11,3,5,0,5,9,9
문광은,60845,2019,LG,4.09,32,0,0,1,1,1,3,0.500,141,33,35,3,13,1,26,15,15
문광은,60845,2020,LG,11.25,4,0,0,0,0,0,0,-,21,4,7,1,2,0,4,5,5
최원재,60848,2010,SK,13.50,3,0,0,0,0,0,0,-,5,2/3,2,0,0,1,1,1,1
최원재,60848,2011,SK,0.00,1,0,0,0,0,0,1,-,4,1 1/3,1,0,0,0,1,0,0
최원재,60848,2015,KT,3.82,36,0,0,2,1,0,3,0.667,148,33,43,2,12,3,24,16,14
최원재,60848,2016,KT,8.68,10,0,0,0,0,0,0,-,43,9 1/3,12,1,4,0,11,9,9
최원재,60848,2017,KT,13.50,4,0,0,1,0,0,0,1.000,12,2,6,1,1,1,2,3,3
이상백,60864,2014,SK,4.40,16,0,0,0,0,1,0,-,65,14 1/3,13,3,6,2,14,7,7
이우찬,61145,2016,LG,-,1,0,0,0,0,0,0,-,4,0,2,1,2,0,0,4,4
이우찬,61145,2018,LG,54.00,3,0,0,0,0,0,0,-,9,2/3,3,0,3,1,0,4,4
이우찬,61145,2019,LG,4.85,30,0,0,5,4,0,2,0.556,398,91,78,5,66,4,58,55,49
이우찬,61145,2020,LG,11.57,4,0,0,0,0,0,0,-,30,4 2/3,9,1,7,2,4,6,6
이우찬,61145,2021,LG,5.56,15,0,0,0,1,0,0,0.000,161,34,36,3,25,1,27,25,21
이우찬,61145,2022,LG,1.81,36,0,0,5,0,0,2,1.000,182,44 2/3,29,2,21,1,42,10,9
이우찬,61145,2023,LG,3.52,38,0,0,1,3,0,5,0.250,157,38 1/3,35,1,18,2,30,15,15
임찬규,61101,2011,LG,4.46,65,0,0,9,6,7,0,0.600,375,82 2/3,73,8,61,1,62,45,41
임찬규,61101,2012,LG,4.53,18,0,0,1,5,0,1,0.167,243,55 2/3,71,5,23,1,31,29,28
임찬규,61101,2013,LG,4.70,17,0,0,1,1,0,0,0.500,201,44,51,7,21,0,45,24,23
임찬규,61101,2016,LG,6.51,15,0,0,3,3,0,1,0.500,215,47,46,6,32,6,38,35,34
임찬규,61101,2017,LG,4.63,27,0,0,6,10,0,0,0.375,560,124 1/3,133,12,45,24,113,70,64
임찬규,61101,2018,LG,5.77,29,0,0,11,11,1,0,0.500,680,146 2/3,195,23,47,13,125,104,94
임찬규,61101,2019,LG,4.97,30,0,0,3,5,0,2,0.375,392,88 2/3,84,10,46,7,72,51,49
임찬규,61101,2020,LG,4.08,27,0,0,10,9,0,0,0.526,641,147 2/3,143,14,65,5,138,76,67
임찬규,61101,2021,LG,3.87,17,0,0,1,8,0,0,0.111,387,90 2/3,76,7,41,3,67,45,39
임찬규,61101,2022,LG,5.04,23,0,0,6,11,0,0,0.353,459,103 2/3,113,10,39,7,75,60,58
임찬규,61101,2023,LG,3.42,30,0,0,14,3,0,1,0.824,632,144 2/3,142,10,54,5,103,63,55
주키치,61154,2011,LG,3.60,32,1,1,10,8,1,0,0.556,773,187 2/3,174,9,53,1,150,86,75
주키치,61154,2012,LG,3.45,30,0,0,11,8,0,1,0.579,750,177 1/3,179,6,54,4,96,75,68
주키치,61154,2013,LG,6.30,15,1,0,4,6,0,0,0.400,341,75 2/3,96,6,28,4,49,56,53
리즈,61158,2011,LG,3.88,30,1,0,11,13,0,0,0.458,719,164 2/3,149,11,84,15,122,79,71
리즈,61158,2012,LG,3.69,32,1,0,5,12,5,0,0.294,656,151 1/3,138,6,68,9,144,68,62
리즈,61158,2013,LG,3.06,32,2,1,10,13,0,0,0.435,837,202 2/3,153,11,88,20,188,78,69
송윤준,61156,2013,LG,9.00,1,0,0,0,0,0,0,-,5,1,2,0,0,0,1,1,1
송윤준,61156,2020,한화,4.30,26,0,0,0,0,0,1,-,106,23,23,1,13,1,16,11,11
송윤준,61156,2021,한화,3.55,17,0,0,0,0,0,2,-,55,12 2/3,12,1,6,2,8,5,5
송윤준,61156,2022,한화,6.23,3,0,0,0,0,0,0,-,21,4 1/3,3,0,2,2,3,3,3
송윤준,61156,2023,한화,8.31,4,0,0,0,0,0,0,-,19,4 1/3,4,0,2,0,3,4,4
최인영,61185,2011,LG,11.57,2,0,0,0,0,0,0,-,13,2 1/3,4,0,2,0,1,3,3
안규영,61215,2011,두산,8.87,6,0,0,0,2,0,0,0.000,105,22 1/3,33,7,8,1,11,22,22
안규영,61215,2012,두산,3.95,10,0,0,0,0,0,1,-,60,13 2/3,15,0,6,0,6,6,6
안규영,61215,2013,두산,14.29,3,0,0,0,0,0,0,-,32,5 2/3,11,3,6,0,3,9,9
안규영,61215,2016,두산,6.61,16,0,0,1,2,0,0,0.333,229,47 2/3,73,6,24,4,24,36,35
안규영,61215,2017,두산,13.50,5,0,0,0,0,0,0,-,31,5 1/3,7,0,8,0,4,8,8
정진호,61208,2021,한화,0.00,3,0,0,0,0,0,0,-,6,1 2/3,1,0,1,0,0,0,0
페르난도,61231,2011,두산,6.09,25,0,0,3,6,6,0,0.333,364,78 1/3,96,5,44,5,66,54,53
이현호,61214,2011,두산,-,1,0,0,0,0,0,0,-,2,0,1,0,1,0,0,2,2
이현호,61214,2012,두산,0.00,2,0,0,0,0,0,0,-,7,2,2,0,1,0,1,0,0
이현호,61214,2015,두산,4.19,49,0,0,6,1,0,2,0.857,377,86,83,8,35,4,87,43,40
이현호,61214,2016,두산,7.09,41,0,0,0,2,0,0,0.000,223,47,63,5,20,5,32,37,37
이현호,61214,2017,두산,5.70,24,0,0,1,0,0,0,1.000,147,30,48,6,14,0,19,27,19
이현호,61214,2018,두산,6.11,15,0,0,0,0,1,0,-,134,28,37,4,13,1,23,19,19
이현호,61214,2019,두산,5.13,16,0,0,1,0,0,0,1.000,191,40 1/3,51,2,19,1,22,25,23
이현호,61214,2020,한화,6.46,16,0,0,0,2,0,0,0.000,75,15 1/3,18,4,10,1,15,12,11
최현진,61228,2011,두산,9.64,1,0,0,0,1,0,0,0.000,20,4 2/3,1,1,4,1,3,5,5
니퍼트,61240,2011,두산,2.55,29,2,1,15,6,0,0,0.714,763,187,150,8,64,10,150,61,53
니퍼트,61240,2012,두산,3.20,29,3,0,11,10,0,0,0.524,785,194,156,15,68,8,126,70,69
니퍼트,61240,2013,두산,3.58,19,1,0,12,4,0,0,0.750,482,118,108,7,34,4,104,52,47
니퍼트,61240,2014,두산,3.81,30,1,0,14,7,0,1,0.667,760,179 1/3,186,17,48,6,158,83,76
니퍼트,61240,2015,두산,5.10,20,0,0,6,5,0,0,0.545,404,90,104,4,33,4,76,54,51
니퍼트,61240,2016,두산,2.95,28,1,1,22,3,0,0,0.880,701,167 2/3,151,15,57,9,142,61,55
니퍼트,61240,2017,두산,4.06,30,0,0,14,8,0,0,0.636,782,179 2/3,175,20,77,10,161,88,81
니퍼트,61240,2018,KT,4.25,29,0,0,8,8,0,0,0.500,765,175 2/3,209,26,39,9,165,88,83
최현정,61267,2014,KIA,9.82,8,0,0,0,0,0,0,-,38,7 1/3,12,1,4,0,2,8,8
양현,61268,2011,두산,5.40,3,0,0,0,1,0,0,0.000,25,5,8,1,3,0,2,3,3
양현,61268,2015,두산,5.23,13,0,0,0,0,0,0,-,50,10 1/3,19,2,0,3,7,7,6
양현,61268,2018,넥센,3.58,33,0,0,1,1,0,5,0.500,132,32 2/3,31,4,13,1,20,13,13
양현,61268,2019,키움,1.99,29,0,0,1,0,0,1,1.000,159,40 2/3,31,1,11,1,25,10,9
양현,61268,2020,키움,3.30,58,0,0,8,3,2,11,0.727,245,60,58,4,17,3,33,23,22
양현,61268,2021,키움,4.69,45,0,0,1,2,0,5,0.333,225,48,59,3,26,1,22,31,25
양현,61268,2022,키움,5.15,25,0,0,3,2,2,5,0.600,167,36 2/3,39,4,17,1,14,23,21
양현,61268,2023,키움,5.05,54,0,0,0,5,0,8,0.000,262,57,83,5,21,0,16,38,32
강동연,61295,2013,두산,0.00,1,0,0,0,0,0,0,-,7,2,1,0,0,0,1,1,0
강동연,61295,2014,두산,27.00,1,0,0,0,0,0,0,-,8,1,5,1,0,0,3,3,3
강동연,61295,2016,두산,8.22,11,0,0,0,0,0,0,-,36,7 2/3,9,2,6,0,6,8,7
강동연,61295,2018,두산,5.40,8,0,0,1,0,0,0,1.000,49,11 2/3,10,2,5,0,5,8,7
강동연,61295,2019,두산,5.40,5,0,0,0,0,0,0,-,22,5,8,2,0,0,3,3,3
강동연,61295,2020,NC,6.00,22,0,0,1,2,0,1,0.333,106,24,27,3,11,1,17,17,16
강동연,61295,2021,NC,7.83,12,0,0,3,2,0,1,0.600,109,23,25,4,14,0,14,21,20
강동연,61295,2022,NC,10.38,6,0,0,0,0,0,0,-,44,8 2/3,16,2,3,1,3,10,10
이정호,61262,2013,두산,9.55,13,0,0,0,3,1,0,0.000,162,33,46,4,20,3,25,35,35
이정호,61262,2014,두산,0.00,1,0,0,0,0,0,0,-,3,1,0,0,0,0,0,0,0
이희성,61357,2012,LG,8.44,4,0,0,0,1,0,0,0.000,23,5 1/3,7,0,1,0,1,5,5
윤지웅,61329,2011,넥센,4.08,53,0,0,2,0,0,9,1.000,126,28 2/3,34,4,14,0,19,15,13
윤지웅,61329,2014,LG,4.25,53,0,0,1,2,0,6,0.333,166,36,40,4,16,3,34,20,17
윤지웅,61329,2015,LG,3.77,78,0,0,3,1,0,12,0.750,245,62,47,3,17,1,54,26,26
윤지웅,61329,2016,LG,6.55,59,0,0,4,2,0,11,0.667,196,44,48,4,18,4,37,33,32
윤지웅,61329,2017,LG,3.86,34,0,0,1,1,1,3,0.500,154,35,39,4,10,4,22,20,15
윤지웅,61329,2018,LG,4.26,10,0,0,0,0,0,0,-,33,6 1/3,9,0,3,3,4,4,3
윤지웅,61329,2019,NC,4.97,13,0,0,1,0,0,0,1.000,55,12 2/3,14,3,4,1,9,8,7
이태양,61323,2011,넥센,4.76,5,0,0,0,0,0,0,-,27,5 2/3,4,0,3,3,3,3,3
이태양,61323,2012,넥센,6.00,4,0,0,0,1,0,1,0.000,16,3,1,0,4,2,3,2,2
이태양,61323,2013,NC,5.67,22,0,0,4,8,0,0,0.333,331,74 2/3,78,7,30,10,49,51,47
이태양,61323,2014,NC,6.46,9,0,0,0,1,0,1,0.000,80,15 1/3,19,3,13,4,9,11,11
이태양,61323,2015,NC,3.67,29,0,0,10,5,0,0,0.667,591,137 1/3,141,19,40,19,113,59,56
이태양,61323,2016,NC,4.21,10,0,0,2,2,0,0,0.500,209,47,44,7,26,8,27,22,22
김대우,61365,2011,넥센,6.00,24,0,0,0,2,0,0,0.000,131,27,26,0,19,4,28,20,18
김대우,61365,2014,넥센,5.50,30,0,0,2,2,1,0,0.500,347,73 2/3,88,9,45,8,66,48,45
김대우,61365,2015,넥센,4.94,47,0,0,6,3,1,4,0.667,318,71,81,8,31,6,63,44,39
김대우,61365,2016,삼성,5.05,67,0,0,6,0,0,11,1.000,295,66,82,8,19,6,37,39,37
김대우,61365,2017,삼성,9.54,25,0,0,2,5,0,1,0.286,247,50,71,7,26,8,28,56,53
김대우,61365,2018,삼성,7.93,8,0,0,2,2,0,0,0.500,176,36 1/3,53,7,18,3,15,34,32
김대우,61365,2019,삼성,5.13,44,0,0,5,1,0,1,0.833,253,59 2/3,61,11,16,5,40,38,34
김대우,61365,2020,삼성,5.10,28,0,0,3,7,0,1,0.300,350,77 2/3,95,9,26,6,37,49,44
김대우,61365,2021,삼성,6.35,31,0,0,0,2,0,1,0.000,234,51,68,7,15,2,27,39,36
김대우,61365,2022,삼성,2.08,4,0,0,1,0,0,0,1.000,16,4 1/3,4,0,0,0,5,1,1
김대우,61365,2023,삼성,4.50,44,0,0,0,2,0,4,0.000,277,64,66,7,22,3,49,37,32
박정준,61396,2016,넥센,19.29,7,0,0,0,0,0,0,-,29,4 2/3,8,0,6,1,3,10,10
박정준,61396,2017,넥센,9.64,4,0,0,0,0,0,0,-,22,4 2/3,6,1,1,2,4,5,5
박정준,61396,2018,넥센,0.00,2,0,0,0,0,0,0,-,10,2,0,0,1,2,2,1,0
박정준,61396,2019,두산,32.40,2,0,0,0,0,0,0,-,13,1 2/3,3,0,5,0,0,6,6
박정준,61396,2022,삼성,6.30,8,0,0,0,0,0,0,-,45,10,10,2,5,1,4,7,7
저마노,61434,2011,삼성,2.78,8,0,0,5,1,0,0,0.833,181,45 1/3,45,3,6,0,29,17,14
저마노,61434,2015,KT,4.93,15,0,0,3,6,0,1,0.333,347,76 2/3,111,7,15,3,40,46,42
심창민,61411,2012,삼성,1.83,37,0,0,2,2,1,5,0.500,159,39 1/3,26,0,17,2,41,8,8
심창민,61411,2013,삼성,2.68,50,0,0,1,0,2,14,1.000,201,50 1/3,35,3,19,4,57,15,15
심창민,61411,2014,삼성,6.81,52,0,0,5,2,0,8,0.714,188,38 1/3,42,7,26,4,38,33,29
심창민,61411,2015,삼성,4.28,61,0,0,6,3,0,9,0.667,280,67 1/3,54,7,24,5,91,32,32
심창민,61411,2016,삼성,2.97,62,0,0,2,6,25,4,0.250,303,72 2/3,59,6,26,4,76,29,24
심창민,61411,2017,삼성,4.18,66,0,0,4,7,6,16,0.364,333,75 1/3,55,12,44,7,103,36,35
심창민,61411,2018,삼성,4.07,59,0,0,5,2,17,5,0.714,284,66 1/3,57,12,22,9,68,32,30
심창민,61411,2020,삼성,7.52,23,0,0,2,2,0,3,0.500,98,20 1/3,18,3,18,2,21,20,17
심창민,61411,2021,삼성,5.08,59,0,0,3,2,0,16,0.600,238,51 1/3,47,8,32,6,58,32,29
심창민,61411,2022,NC,14.21,11,0,0,1,2,0,0,0.333,37,6 1/3,9,0,7,3,6,10,10
심창민,61411,2023,NC,2.70,5,0,0,0,1,0,0,0.000,18,3 1/3,2,0,5,1,5,2,1
매티스,61444,2011,삼성,2.52,10,0,0,5,2,0,0,0.714,272,64 1/3,59,1,34,0,32,19,18
윤영삼,61456,2014,넥센,27.00,1,0,0,0,0,0,0,-,27,4,11,3,6,0,4,12,12
윤영삼,61456,2017,넥센,5.62,28,0,0,1,4,1,0,0.200,229,49 2/3,67,8,17,0,46,31,31
윤영삼,61456,2018,넥센,4.85,22,0,0,1,0,2,0,1.000,127,29 2/3,31,2,8,1,32,18,16
윤영삼,61456,2019,키움,2.87,54,0,0,3,3,1,3,0.500,254,62 2/3,60,5,14,1,56,23,20
임현준,61457,2011,삼성,3.12,29,0,0,2,0,0,2,1.000,80,17 1/3,20,1,12,0,9,8,6
임현준,61457,2014,삼성,-,1,0,0,0,0,0,0,-,3,0,2,0,1,0,0,0,0
임현준,61457,2015,삼성,11.37,7,0,0,0,0,0,0,-,33,6 1/3,11,3,2,0,6,10,8
임현준,61457,2016,삼성,36.00,2,0,0,0,0,0,0,-,8,1,4,1,0,1,0,4,4
임현준,61457,2017,삼성,5.06,11,0,0,0,0,0,0,-,48,10 2/3,11,0,4,2,4,7,6
임현준,61457,2018,삼성,3.90,40,0,0,0,1,0,3,0.000,116,27 2/3,20,3,11,5,26,12,12
임현준,61457,2019,삼성,3.40,71,0,0,1,0,0,8,1.000,177,42 1/3,34,2,12,3,35,19,16
임현준,61457,2020,삼성,1.78,51,0,0,1,1,0,5,0.500,109,25 1/3,24,2,7,6,18,7,5
임현준,61457,2021,삼성,6.55,27,0,0,1,2,0,5,0.333,52,11,11,0,7,4,8,8,8
명재철,61495,2011,삼성,0.00,2,0,0,0,0,0,0,-,9,1 2/3,1,0,3,0,0,0,0
명재철,61495,2013,한화,12.00,3,0,0,0,0,0,0,-,17,3,6,0,2,1,1,4,4
황수범,61496,2017,삼성,8.04,10,0,0,1,2,0,0,0.333,155,31 1/3,45,7,19,2,26,34,28
황수범,61496,2018,삼성,11.57,2,0,0,0,0,0,0,-,15,2 1/3,3,0,6,0,2,3,3
김명성,61527,2011,롯데,9.39,4,0,0,0,1,0,0,0.000,39,7 2/3,14,3,2,0,3,8,8
김명성,61527,2013,두산,4.09,8,0,0,0,0,0,0,-,47,11,7,0,7,0,9,5,5
김명성,61527,2014,두산,2.35,8,0,0,0,0,0,0,-,28,7 2/3,4,1,2,0,3,2,2
김명성,61527,2015,두산,7.79,17,0,0,1,0,0,0,1.000,89,17 1/3,27,2,11,1,10,15,15
코리,61541,2011,롯데,4.23,25,0,0,4,3,3,1,0.571,300,72 1/3,83,8,10,4,48,41,34
이정담,61557,2016,SK,5.06,6,0,0,0,0,0,0,-,24,5 1/3,6,1,2,0,0,3,3
이경우,61569,2012,롯데,14.73,1,0,0,0,0,0,0,-,21,3 2/3,4,1,4,2,3,6,6
이경우,61569,2015,롯데,10.80,1,0,0,0,0,0,0,-,8,1 2/3,2,1,1,0,0,2,2
이경우,61569,2016,롯데,13.50,1,0,0,0,0,0,0,-,9,2,3,1,0,0,1,3,3
트레비스,61629,2011,KIA,3.48,25,1,1,7,5,0,1,0.583,548,126 2/3,120,13,62,3,115,59,49
홍건희,61643,2011,KIA,6.75,5,0,0,0,0,0,0,-,26,5 1/3,7,0,2,1,3,4,4
홍건희,61643,2015,KIA,6.04,38,0,0,2,5,1,0,0.286,383,82,84,18,57,4,86,63,55
홍건희,61643,2016,KIA,4.98,50,0,0,4,4,4,5,0.500,407,90 1/3,103,10,41,1,83,53,50
홍건희,61643,2017,KIA,6.41,31,0,0,1,1,0,0,0.500,270,59,83,5,21,2,41,44,42
홍건희,61643,2018,KIA,10.26,11,0,0,0,1,0,0,0.000,88,16 2/3,32,4,7,1,13,20,19
홍건희,61643,2019,KIA,7.16,21,0,0,2,9,0,0,0.182,381,81 2/3,112,12,33,3,52,70,65
홍건희,61643,2020,두산,4.98,60,0,0,3,4,1,8,0.429,299,68 2/3,74,8,22,5,60,39,38
홍건희,61643,2021,두산,2.78,65,0,0,6,6,3,17,0.500,303,74 1/3,65,3,27,0,82,23,23
홍건희,61643,2022,두산,3.48,58,0,0,2,9,18,9,0.182,265,62,58,5,21,2,60,30,24
홍건희,61643,2023,두산,3.06,64,0,0,1,5,22,5,0.167,277,61 2/3,67,4,24,0,62,28,21
한승혁,61666,2012,KIA,7.43,17,0,0,0,1,0,1,0.000,63,13 1/3,16,1,11,0,8,11,11
한승혁,61666,2013,KIA,4.74,11,0,0,0,0,0,0,-,92,19,24,0,8,2,15,10,10
한승혁,61666,2014,KIA,7.21,26,0,0,1,5,0,0,0.167,277,58 2/3,62,5,48,3,54,47,47
한승혁,61666,2015,KIA,5.46,49,0,0,2,6,0,6,0.250,251,56,55,7,36,1,56,36,34
한승혁,61666,2016,KIA,4.86,36,0,0,3,2,1,9,0.600,152,33 1/3,36,3,19,2,31,21,18
한승혁,61666,2017,KIA,7.15,36,0,0,1,1,1,3,0.500,186,39,46,4,23,1,42,32,31
한승혁,61666,2018,KIA,5.83,21,0,0,7,3,0,0,0.700,406,88,105,8,44,4,65,62,57
한승혁,61666,2021,KIA,4.56,8,0,0,0,3,0,0,0.000,103,23 2/3,25,0,10,2,17,15,12
한승혁,61666,2022,KIA,5.27,24,0,0,4,3,0,0,0.571,376,80 1/3,100,4,40,6,69,52,47
한승혁,61666,2023,한화,6.44,21,0,0,0,3,0,1,0.000,176,36 1/3,48,3,21,3,28,27,26
강경학,61700,2021,KIA,54.00,1,0,0,0,0,0,0,-,8,2/3,3,0,2,1,0,4,4
유창식,61715,2011,한화,6.69,26,0,0,1,3,0,1,0.250,189,39,47,2,25,0,27,39,29
유창식,61715,2012,한화,4.77,27,0,0,6,8,0,1,0.429,502,111 1/3,101,13,79,1,82,61,59
유창식,61715,2013,한화,6.78,25,0,0,5,10,0,2,0.333,356,71 2/3,89,4,54,5,47,56,54
유창식,61715,2014,한화,4.14,21,0,0,4,4,0,0,0.500,436,91 1/3,100,2,72,3,53,54,42
유창식,61715,2015,KIA,7.90,27,0,0,0,8,0,0,0.000,268,54 2/3,67,9,40,3,34,53,48
유창식,61715,2016,KIA,20.25,1,0,0,0,0,0,0,-,11,1 1/3,2,1,6,0,0,3,3
바티스타,61727,2011,한화,2.02,27,0,0,3,0,10,0,1.000,148,35 2/3,19,1,22,1,61,8,8
바티스타,61727,2012,한화,3.56,44,0,0,4,6,8,4,0.400,375,86,70,7,52,12,110,35,34
바티스타,61727,2013,한화,4.20,29,0,0,7,7,0,0,0.500,640,143 2/3,141,9,70,13,150,77,67
오넬리,61726,2011,한화,5.83,27,0,0,4,1,6,1,0.800,130,29 1/3,29,4,12,2,24,19,19
문재현,61767,2015,한화,54.00,2,0,0,0,0,0,0,-,5,1/3,1,0,3,0,0,2,2
신정익,61830,2012,SK,5.40,3,0,0,0,0,0,0,-,14,3 1/3,3,1,0,1,0,2,2
신정익,61830,2013,SK,6.75,1,0,0,0,0,0,0,-,8,1 1/3,2,1,1,0,0,2,1
고든,61855,2011,SK,3.81,14,0,0,6,4,0,0,0.600,315,75 2/3,68,3,20,4,70,34,32
고든,61855,2012,삼성,3.94,25,0,0,11,3,0,0,0.786,552,128,144,10,38,2,80,61,56
매그레인,61854,2011,SK,5.37,16,0,0,2,6,0,0,0.250,235,53 2/3,63,9,19,4,38,32,32
임정우,61891,2011,SK,0.00,4,0,0,0,0,1,0,-,22,5 2/3,3,0,3,0,4,0,0
임정우,61891,2012,LG,6.26,14,0,0,1,2,0,0,0.333,196,41 2/3,53,1,18,5,26,31,29
임정우,61891,2013,LG,4.47,46,0,0,2,1,0,3,0.667,207,50 1/3,41,3,24,3,39,26,25
임정우,61891,2014,LG,4.17,25,0,0,2,5,0,0,0.286,317,73 1/3,79,6,26,5,54,35,34
임정우,61891,2015,LG,5.04,54,0,0,6,9,5,3,0.400,501,109,123,8,50,14,99,65,61
임정우,61891,2016,LG,3.82,67,0,0,3,8,28,0,0.273,317,70 2/3,73,5,36,6,87,31,30
임정우,61891,2017,LG,2.70,17,0,0,0,0,0,1,-,70,16 2/3,14,1,6,1,17,6,5
임정우,61891,2018,LG,0.00,2,0,0,0,0,0,0,-,5,2/3,1,0,2,0,1,0,0
서진용,61895,2015,SK,5.91,18,0,0,0,0,0,0,-,95,21 1/3,25,4,6,0,24,14,14
서진용,61895,2016,SK,4.73,25,0,0,0,0,0,3,-,120,26 2/3,26,3,13,2,30,16,14
서진용,61895,2017,SK,3.91,42,0,0,2,3,3,3,0.400,198,46,43,4,23,0,55,21,20
서진용,61895,2018,SK,6.12,48,0,0,3,2,1,12,0.600,225,50,52,14,23,2,58,36,34
서진용,61895,2019,SK,2.38,72,0,0,3,1,4,33,0.750,279,68,53,2,28,2,76,19,18
서진용,61895,2020,SK,4.13,63,0,0,2,7,8,12,0.222,264,61,52,11,34,1,56,33,28
서진용,61895,2021,SSG,3.34,65,0,0,7,5,9,3,0.583,297,67 1/3,57,9,43,0,62,28,25
서진용,61895,2022,SSG,4.01,68,0,0,7,3,21,12,0.700,297,67 1/3,64,5,36,3,55,32,30
서진용,61895,2023,SSG,2.59,69,0,0,5,4,42,0,0.556,325,73,63,3,49,4,64,22,21
부첵,61897,2011,롯데,5.06,11,0,0,4,2,0,0,0.667,227,53 1/3,55,8,21,1,39,32,30
채선관,61929,2016,KT,27.00,1,0,0,0,0,0,0,-,4,1/3,2,0,2,0,0,1,1
김정후,61962,2018,두산,3.63,13,0,0,0,1,0,0,0.000,75,17 1/3,12,3,12,1,12,8,7
김정후,61962,2019,LG,0.00,2,0,0,0,0,0,0,-,7,1 2/3,1,0,1,0,1,0,0
김정후,61962,2020,키움,12.00,4,0,0,0,0,0,0,-,20,3,7,1,4,0,3,4,4
정영일,62056,2016,SK,4.74,21,0,0,1,0,0,1,1.000,99,24 2/3,16,3,12,3,18,13,13
정영일,62056,2017,SK,10.13,9,0,0,0,0,0,0,-,44,8,12,3,6,1,2,12,9
정영일,62056,2018,SK,5.32,51,0,0,3,0,0,13,1.000,205,44,48,7,21,5,33,33,26
정영일,62056,2019,SK,3.21,44,0,0,1,2,1,8,0.333,175,42,32,1,22,1,35,15,15
정영일,62056,2020,SK,6.56,29,0,0,2,2,2,2,0.500,114,23 1/3,31,6,11,3,17,20,17
정영일,62056,2021,SSG,9.00,1,0,0,0,0,0,0,-,9,2,4,1,0,0,0,2,2
최성훈,62146,2012,LG,4.42,37,0,0,5,6,0,2,0.455,331,73 1/3,85,5,30,4,23,39,36
최성훈,62146,2013,LG,4.50,4,0,0,0,0,0,0,-,12,2,4,1,0,1,2,1,1
최성훈,62146,2016,LG,7.15,28,0,0,2,1,0,4,0.667,112,22 2/3,35,1,11,0,8,22,18
최성훈,62146,2017,LG,4.09,32,0,0,0,0,1,3,-,108,22,25,2,11,4,16,12,10
최성훈,62146,2018,LG,3.78,24,0,0,0,0,0,3,-,74,16 2/3,17,4,9,1,14,7,7
최성훈,62146,2020,LG,3.51,48,0,0,0,0,0,2,-,145,33 1/3,36,1,16,1,24,13,13
최성훈,62146,2021,LG,2.43,46,0,0,1,1,0,3,0.500,179,40 2/3,40,2,19,1,33,14,11
최성훈,62146,2022,LG,2.16,45,0,0,0,0,0,6,-,139,33 1/3,23,1,13,3,22,10,8
최성훈,62146,2023,LG,15.00,5,0,0,0,0,1,0,-,17,3,7,0,1,0,2,5,5
신동훈,62160,2012,LG,2.25,3,0,0,0,0,0,0,-,16,4,1,0,2,1,6,1,1
신동훈,62160,2014,LG,3.48,5,0,0,1,0,0,0,1.000,45,10 1/3,10,0,5,3,4,5,4
프록터,62230,2012,두산,1.79,57,0,0,4,4,35,0,0.500,229,55 1/3,43,0,21,1,46,15,11
윤명준,62242,2012,두산,20.25,3,0,0,0,0,0,0,-,12,1 1/3,5,0,3,0,0,3,3
윤명준,62242,2013,두산,4.00,34,0,0,4,1,4,7,0.800,196,45,50,0,15,4,35,20,20
윤명준,62242,2014,두산,5.27,61,0,0,7,3,0,16,0.700,308,71 2/3,78,10,23,1,55,44,42
윤명준,62242,2015,두산,3.97,60,0,0,4,6,6,7,0.400,302,68,72,9,30,5,48,33,30
윤명준,62242,2016,두산,3.95,55,0,0,4,0,2,11,1.000,239,57,51,5,17,3,39,25,25
윤명준,62242,2019,두산,2.63,69,0,0,6,2,1,14,0.750,279,68 1/3,63,3,20,3,40,23,20
윤명준,62242,2020,두산,4.83,42,0,0,1,0,2,7,1.000,185,41,51,4,13,1,20,24,22
윤명준,62242,2021,두산,4.73,45,0,0,1,0,0,1,1.000,208,45 2/3,53,3,20,4,26,28,24
윤명준,62242,2022,두산,8.46,20,0,0,1,1,0,0,0.500,109,22 1/3,33,8,8,1,15,24,21
윤명준,62242,2023,롯데,6.52,21,0,0,0,1,0,5,0.000,98,19 1/3,31,4,10,4,11,14,14
변시원,62263,2012,두산,1.71,31,0,0,4,0,1,2,1.000,118,31 2/3,15,0,11,3,18,6,6
변시원,62263,2013,두산,4.70,38,0,0,2,1,0,6,0.667,170,38 1/3,37,2,19,8,20,21,20
변시원,62263,2014,두산,5.08,31,0,0,0,0,0,3,-,141,33 2/3,35,3,10,4,29,21,19
변시원,62263,2015,두산,10.80,1,0,0,1,0,0,0,1.000,9,1 2/3,1,0,3,1,1,2,2
변시원,62263,2018,두산,10.13,10,0,0,0,0,0,0,-,52,10 2/3,16,2,2,4,8,12,12
변시원,62263,2020,KIA,3.60,4,0,0,1,0,0,0,1.000,25,5,8,0,3,0,1,4,2
변시원,62263,2021,KIA,27.00,1,0,0,0,0,0,0,-,7,2/3,1,0,3,1,0,2,2
변시원,62263,2023,키움,42.43,4,0,0,0,0,0,0,-,19,2 1/3,6,1,4,2,2,11,11
이태오,62294,2020,두산,-,1,0,0,0,0,0,0,-,2,0,0,0,2,0,0,2,2
밴헤켄,62322,2012,넥센,3.28,28,0,0,11,8,0,0,0.579,716,170,166,16,60,3,132,68,62
밴헤켄,62322,2013,넥센,3.73,29,0,0,12,10,0,0,0.545,705,161 2/3,178,11,58,10,137,78,67
밴헤켄,62322,2014,넥센,3.51,31,0,0,20,6,0,0,0.769,788,187,193,9,53,3,178,81,73
밴헤켄,62322,2015,넥센,3.62,32,0,0,15,8,0,0,0.652,825,196 2/3,190,14,67,1,193,92,79
밴헤켄,62322,2016,넥센,3.38,12,0,0,7,3,0,0,0.700,287,72,55,10,19,5,81,29,27
밴헤켄,62322,2017,넥센,3.77,24,0,0,8,7,0,0,0.533,591,138 1/3,140,13,42,2,139,68,58
김병현,62349,2012,넥센,5.66,19,0,0,3,8,0,3,0.273,294,62,65,6,34,14,43,44,39
김병현,62349,2013,넥센,5.26,15,0,0,5,4,0,0,0.556,334,75 1/3,71,7,36,13,43,46,44
김병현,62349,2014,KIA,7.10,21,1,0,3,6,0,0,0.333,330,71,88,5,27,13,66,58,56
김병현,62349,2015,KIA,6.98,23,0,0,0,5,0,2,0.000,232,49,67,7,18,11,38,38,38
박종윤,62338,2012,넥센,3.00,7,0,0,0,0,0,0,-,29,6,4,0,6,1,7,2,2
박종윤,62338,2013,넥센,6.75,4,0,0,0,0,0,0,-,20,4,5,0,2,1,2,3,3
박종윤,62338,2016,넥센,4.50,1,0,0,0,0,0,0,-,13,2,5,0,2,0,0,1,1
박종윤,62338,2017,넥센,6.75,1,0,0,0,0,0,0,-,19,4,4,0,4,0,2,3,3
김태훈,62360,2014,넥센,6.00,5,0,0,0,0,0,0,-,32,6,6,1,8,0,2,4,4
김태훈,62360,2015,넥센,6.44,22,0,0,1,1,0,0,0.500,237,50 1/3,56,7,30,3,32,41,36
김태훈,62360,2018,넥센,6.04,33,0,0,2,2,2,1,0.500,218,47 2/3,61,10,18,4,36,33,32
김태훈,62360,2019,키움,4.50,33,0,0,8,3,0,3,0.727,300,70,77,5,23,0,50,36,35
김태훈,62360,2020,키움,4.22,53,0,0,7,0,0,10,1.000,281,64,70,1,22,5,40,34,30
김태훈,62360,2021,키움,3.22,66,0,0,4,2,11,15,0.667,282,64 1/3,60,1,33,1,52,26,23
김태훈,62360,2022,키움,3.14,43,0,0,3,2,9,10,0.600,188,43,40,3,20,2,34,18,15
김태훈,62360,2023,삼성,7.11,71,0,0,6,7,3,11,0.462,306,63 1/3,74,8,43,3,40,54,50
한현희,62363,2012,넥센,3.12,43,0,0,3,4,0,7,0.429,281,69 1/3,54,4,22,11,54,26,24
한현희,62363,2013,넥센,3.21,69,0,0,5,0,1,27,1.000,287,67 1/3,64,7,25,8,56,27,24
한현희,62363,2014,넥센,3.20,66,0,0,4,2,2,31,0.667,342,78 2/3,75,6,31,4,83,30,28
한현희,62363,2015,넥센,4.82,45,0,0,11,4,0,10,0.733,542,123 1/3,126,14,41,13,122,70,66
한현희,62363,2017,넥센,4.47,38,0,0,5,6,5,5,0.455,457,106 2/3,105,14,17,17,79,61,53
한현희,62363,2018,넥센,4.79,30,0,0,11,7,0,0,0.611,756,169,208,22,49,20,105,98,90
한현희,62363,2019,키움,3.41,61,0,0,7,5,0,24,0.583,251,58,50,1,20,7,49,26,22
한현희,62363,2020,키움,4.98,25,0,0,7,9,0,0,0.438,587,135 2/3,141,10,37,14,109,77,75
한현희,62363,2021,키움,3.89,18,0,0,6,2,0,1,0.750,372,85 2/3,86,4,30,6,61,42,37
한현희,62363,2022,키움,4.75,21,0,0,6,4,0,0,0.600,346,77 2/3,83,9,24,8,59,44,41
한현희,62363,2023,롯데,5.45,38,0,0,6,12,0,3,0.333,476,104,123,11,44,11,74,69,63
탈보트,62451,2012,삼성,3.97,25,0,0,14,3,0,0,0.824,584,138 1/3,136,8,54,5,68,63,61
탈보트,62451,2015,한화,4.72,30,1,0,10,11,0,0,0.476,695,156 1/3,153,11,85,13,120,93,82
이준형,62463,2015,LG,6.35,4,0,0,0,2,0,0,0.000,35,5 2/3,7,1,9,1,5,7,4
이준형,62463,2016,LG,6.18,25,0,0,2,6,0,0,0.250,335,71 1/3,84,4,45,4,35,54,49
이지모,62522,2013,롯데,5.40,6,0,0,0,0,0,0,-,32,6 2/3,4,0,5,3,5,4,4
김원중,62528,2015,롯데,5.75,15,0,0,0,0,0,1,-,99,20 1/3,21,1,15,3,20,15,13
김원중,62528,2016,롯데,9.39,3,0,0,0,1,0,0,0.000,37,7 2/3,7,2,8,0,5,8,8
김원중,62528,2017,롯데,5.70,24,0,0,7,8,0,0,0.467,507,107 1/3,130,13,56,10,87,71,68
김원중,62528,2018,롯데,6.94,30,0,0,8,7,0,0,0.533,681,145 1/3,173,28,77,11,137,115,112
김원중,62528,2019,롯데,5.63,28,0,0,5,10,0,1,0.333,485,102 1/3,127,13,47,6,93,75,64
김원중,62528,2020,롯데,3.94,58,0,0,5,4,25,0,0.556,249,59 1/3,52,8,23,0,57,29,26
김원중,62528,2021,롯데,3.59,61,0,0,4,4,35,0,0.500,268,62 2/3,50,6,28,3,64,26,25
김원중,62528,2022,롯데,3.98,43,0,0,2,3,17,2,0.400,187,43,40,4,16,0,60,21,19
김원중,62528,2023,롯데,2.97,63,0,0,5,6,30,0,0.455,265,63 2/3,51,2,25,5,82,24,21
김성호,62591,2012,롯데,10.80,3,0,0,0,0,0,1,-,9,1 2/3,2,1,2,1,1,2,2
유먼,62597,2012,롯데,2.55,29,2,1,13,7,0,1,0.650,726,179 2/3,156,10,56,1,142,58,51
유먼,62597,2013,롯데,3.54,31,0,0,13,4,0,0,0.765,829,193 1/3,186,19,78,5,141,81,76
유먼,62597,2014,롯데,5.93,28,0,0,12,10,0,0,0.545,701,151 2/3,196,20,63,3,84,109,100
유먼,62597,2015,한화,4.52,17,0,0,4,6,0,0,0.400,406,91 2/3,96,9,38,4,56,52,46
정태승,62595,2013,롯데,7.71,3,0,0,0,0,0,0,-,12,2 1/3,2,0,3,0,0,2,2
정태승,62595,2018,롯데,6.75,3,0,0,0,0,0,0,-,16,2 2/3,4,0,3,0,3,4,2
정태승,62595,2019,롯데,27.00,1,0,0,0,0,0,0,-,6,1,2,0,1,0,2,3,3
정태승,62595,2020,롯데,21.60,1,0,0,0,0,0,0,-,11,1 2/3,4,1,2,0,1,4,4
임준섭,62611,2013,KIA,5.23,36,0,0,4,8,0,2,0.333,487,105,116,10,67,8,55,66,61
임준섭,62611,2014,KIA,6.06,29,1,1,5,11,0,0,0.313,588,130 2/3,157,15,67,6,54,95,88
임준섭,62611,2015,한화,3.72,22,0,0,1,0,0,2,1.000,95,19 1/3,26,1,13,0,18,12,8
임준섭,62611,2018,한화,4.32,10,0,0,1,0,0,0,1.000,34,8 1/3,8,1,6,1,6,4,4
임준섭,62611,2019,한화,4.20,34,0,0,1,3,0,1,0.250,230,49 1/3,56,1,28,1,26,30,23
임준섭,62611,2020,한화,13.50,10,0,0,0,2,0,1,0.000,49,8 2/3,18,1,6,0,6,13,13
임준섭,62611,2021,한화,10.97,13,0,0,0,0,0,0,-,64,10 2/3,19,1,8,4,11,18,13
임준섭,62611,2022,한화,2.45,5,0,0,0,0,0,0,-,18,3 2/3,5,0,1,1,0,1,1
임준섭,62611,2023,SSG,5.79,41,0,0,0,2,0,4,0.000,155,32 2/3,44,1,19,1,26,25,21
박지훈,62637,2012,KIA,3.38,50,0,0,3,3,2,10,0.500,268,61 1/3,55,3,30,5,37,25,23
박지훈,62637,2013,KIA,10.92,35,0,0,2,1,1,4,0.667,155,29 2/3,48,6,22,1,27,36,36
박지훈,62637,2017,KIA,7.07,18,0,0,1,1,0,4,0.500,66,14,16,1,9,1,10,12,11
김윤동,62648,2013,KIA,-,1,0,0,0,0,0,0,-,5,0,3,0,2,0,0,2,2
김윤동,62648,2016,KIA,5.43,31,0,0,0,3,2,2,0.000,242,53,48,9,38,3,47,33,32
김윤동,62648,2017,KIA,4.59,65,0,0,7,4,11,6,0.636,356,80 1/3,70,10,47,5,66,41,41
김윤동,62648,2018,KIA,3.70,64,0,0,7,6,4,18,0.538,369,82 2/3,71,9,54,2,79,39,34
김윤동,62648,2019,KIA,6.55,11,0,0,1,2,4,0,0.333,55,11,12,1,11,0,12,8,8
앤서니,62644,2012,KIA,3.83,32,0,0,11,13,1,0,0.458,745,171 2/3,174,15,67,7,94,84,73
앤서니,62644,2013,KIA,4.50,30,0,0,0,3,20,0,0.000,159,36,42,1,15,3,25,18,18
홍성민,62655,2012,KIA,3.38,48,0,0,0,0,1,3,-,245,56,61,5,25,5,32,22,21
홍성민,62655,2013,롯데,3.14,25,0,0,4,2,1,2,0.667,207,48 2/3,54,3,18,3,22,20,17
홍성민,62655,2014,롯데,4.75,14,0,0,2,3,0,0,0.400,156,36,42,7,12,0,11,23,19
홍성민,62655,2015,롯데,3.95,67,0,0,4,4,1,8,0.500,352,82,85,8,24,10,65,38,36
홍성민,62655,2016,롯데,4.46,52,0,0,1,1,2,5,0.500,185,42 1/3,45,5,16,1,30,24,21
홍성민,62655,2018,롯데,12.27,4,0,0,0,0,0,0,-,18,3 2/3,6,1,1,0,3,5,5
홍성민,62655,2019,롯데,4.26,12,0,0,0,0,0,1,-,57,12 2/3,17,0,0,1,7,6,6
홍성민,62655,2020,NC,1.04,30,0,0,1,0,0,8,1.000,104,26,20,2,6,2,14,4,3
홍성민,62655,2021,NC,3.92,53,0,0,3,4,0,14,0.429,185,41 1/3,53,3,12,2,26,19,18
홍성민,62655,2023,키움,9.00,2,0,0,0,0,0,0,-,12,2,5,1,1,0,1,2,2
빌로우,62688,2013,KIA,4.02,11,0,0,3,2,1,0,0.600,208,47,45,1,26,1,38,26,21
김종훈,62696,2012,KIA,6.35,4,0,0,0,0,0,0,-,29,5 2/3,9,1,6,0,5,4,4
김종훈,62696,2017,KIA,36.00,1,0,0,0,0,0,0,-,9,1,4,1,2,0,2,4,4
소사,62698,2012,KIA,3.54,23,4,1,9,8,0,0,0.529,614,147 1/3,137,9,39,8,104,62,58
소사,62698,2013,KIA,5.47,29,0,0,9,9,0,1,0.500,748,164 2/3,196,11,68,9,143,111,100
소사,62698,2014,넥센,4.61,20,0,0,10,2,0,0,0.833,537,125,140,18,45,3,98,66,64
소사,62698,2015,LG,4.03,32,2,1,10,12,0,1,0.455,809,194 1/3,199,16,36,5,177,102,87
소사,62698,2016,LG,5.16,33,0,0,10,9,0,0,0.526,870,199,258,12,38,9,107,121,114
소사,62698,2017,LG,3.88,30,2,1,11,11,1,0,0.500,769,185 1/3,189,11,38,3,153,86,80
소사,62698,2018,LG,3.52,27,1,1,9,9,0,0,0.500,760,181 1/3,192,16,28,4,181,83,71
소사,62698,2019,SK,3.82,16,0,0,9,3,0,0,0.750,387,94 1/3,85,15,23,2,96,42,40
배스,62730,2012,한화,48.60,2,0,0,0,1,0,0,0.000,15,1 2/3,9,1,1,1,1,9,9
라미레즈,62699,2012,KIA,3.86,10,0,0,2,1,0,1,0.667,51,11 2/3,15,1,3,0,5,5,5
최우석,62741,2012,한화,3.18,4,0,0,0,0,0,0,-,25,5 2/3,4,0,3,1,2,3,2
임기영,62754,2012,한화,0.00,1,0,0,0,0,0,0,-,2,2/3,0,0,0,0,0,0,0
임기영,62754,2013,한화,4.50,26,0,0,1,2,0,1,0.333,160,34,44,3,17,3,30,18,17
임기영,62754,2014,한화,6.75,14,0,0,1,1,0,0,0.500,116,22 2/3,38,6,9,2,17,24,17
임기영,62754,2017,KIA,3.65,23,2,2,8,6,0,0,0.571,497,118 1/3,138,9,18,6,73,54,48
임기영,62754,2018,KIA,6.26,29,0,0,8,9,0,2,0.471,491,105,145,20,34,12,68,79,73
임기영,62754,2019,KIA,5.73,12,0,0,2,4,0,0,0.333,225,48 2/3,67,7,19,2,37,33,31
임기영,62754,2020,KIA,5.15,25,0,0,9,10,0,0,0.474,559,127 2/3,152,12,33,9,106,80,73
임기영,62754,2021,KIA,4.88,28,0,0,8,8,0,0,0.500,662,153,155,15,45,11,129,85,83
임기영,62754,2022,KIA,4.24,26,0,0,4,13,1,0,0.235,555,129 1/3,137,18,36,5,82,63,61
임기영,62754,2023,KIA,2.96,64,0,0,4,4,3,16,0.500,324,82,56,6,19,6,57,29,27
션헨,62731,2012,한화,8.40,14,0,0,0,2,0,1,0.000,73,15,24,2,6,0,19,16,14
박찬호,62761,2012,한화,5.06,23,1,0,5,10,0,0,0.333,552,121,134,11,52,11,68,76,68
부시,62833,2012,SK,4.43,17,0,0,4,6,0,0,0.400,356,81 1/3,80,8,31,8,45,45,40
마리오,62859,2012,SK,3.40,18,0,0,6,3,0,0,0.667,401,95 1/3,88,6,39,5,49,38,36
문승원,62869,2012,SK,4.50,2,0,0,0,0,0,0,-,9,2,2,0,0,1,3,1,1
문승원,62869,2013,SK,5.55,16,0,0,0,1,0,0,0.000,107,24 1/3,29,5,6,3,13,16,15
문승원,62869,2016,SK,6.64,20,0,0,4,4,0,0,0.500,306,63 2/3,86,12,33,3,49,52,47
문승원,62869,2017,SK,5.33,29,1,0,6,12,0,0,0.333,695,155 1/3,181,25,54,11,86,98,92
문승원,62869,2018,SK,4.60,31,0,0,8,9,1,1,0.471,656,150 2/3,180,24,37,4,122,86,77
문승원,62869,2019,SK,3.88,26,0,0,11,7,0,2,0.611,586,144,130,23,33,3,99,63,62
문승원,62869,2020,SK,3.65,25,1,0,6,8,0,0,0.429,610,145 2/3,136,13,45,6,117,64,59
문승원,62869,2021,SSG,2.86,9,0,0,2,2,0,0,0.500,212,50 1/3,42,1,18,2,32,20,16
문승원,62869,2022,SSG,5.11,23,0,0,1,1,3,3,0.500,112,24 2/3,32,3,7,2,25,15,14
문승원,62869,2023,SSG,5.23,50,0,0,5,8,1,9,0.385,479,105,138,12,35,6,65,67,61
허건엽,62892,2014,SK,0.00,3,0,0,0,0,0,0,-,18,5,3,0,2,0,1,0,0
허건엽,62892,2017,SK,8.64,8,0,0,0,0,0,0,-,41,8 1/3,15,1,2,0,3,9,8
임치영,62868,2012,SK,4.35,6,0,0,1,0,0,0,1.000,45,10 1/3,9,3,6,2,6,5,5
임치영,62868,2013,SK,36.00,2,0,0,0,1,0,0,0.000,9,1,5,0,1,0,0,4,4
임치영,62868,2017,SK,9.00,1,0,0,0,0,0,0,-,6,1,3,0,0,0,1,1,1
황윤호,62908,2020,KIA,0.00,1,0,0,0,0,0,0,-,1,1/3,0,0,0,0,0,0,0
황윤호,62908,2021,KIA,0.00,1,0,0,0,0,0,0,-,4,2/3,2,0,0,0,0,1,0
김기현,62919,2014,한화,5.79,24,0,0,0,1,0,1,0.000,118,23 1/3,38,9,7,1,15,21,15
김기현,62919,2015,한화,4.35,54,0,0,1,0,0,3,1.000,187,41 1/3,36,5,30,3,32,20,20
김태형,62918,2018,LG,36.00,1,0,0,0,0,0,0,-,8,1,2,0,4,0,0,4,4
노건우,62920,2013,NC,7.29,38,0,0,2,8,0,2,0.200,268,58,64,9,38,2,62,50,47
노건우,62920,2014,NC,4.47,15,0,0,1,2,0,1,0.333,212,48 1/3,44,6,28,2,37,25,24
노건우,62920,2015,NC,10.65,17,0,0,1,2,0,0,0.333,122,23 2/3,33,8,23,0,25,28,28
노건우,62920,2018,NC,7.16,20,0,0,1,2,0,0,0.333,158,32 2/3,35,6,29,1,36,29,26
노건우,62920,2019,NC,12.27,5,0,0,0,0,0,0,-,21,3 2/3,8,1,1,0,1,5,5
노건우,62920,2020,삼성,4.46,45,0,0,2,3,0,10,0.400,166,36 1/3,28,3,29,2,34,23,18
노건우,62920,2021,삼성,4.74,16,0,0,0,2,0,1,0.000,82,19,10,2,14,1,19,10,10
노건우,62920,2022,삼성,4.50,3,0,0,0,0,0,0,-,11,2,2,0,3,0,2,1,1
노건우,62920,2023,삼성,7.30,16,0,0,0,1,0,1,0.000,65,12 1/3,22,3,5,1,12,11,10
이민호,62929,2013,NC,4.21,56,0,0,1,3,10,1,0.250,294,66 1/3,59,6,34,8,60,31,31
이민호,62929,2014,NC,5.01,51,0,0,7,2,2,8,0.778,398,88,93,19,38,8,73,53,49
이민호,62929,2015,NC,5.06,64,0,0,6,5,0,10,0.545,436,96,103,15,41,6,103,62,54
이민호,62929,2016,NC,5.51,45,0,0,9,9,2,3,0.500,603,130 2/3,159,18,55,6,102,90,80
이민호,62929,2017,NC,4.06,60,0,0,5,1,3,6,0.833,388,88 2/3,88,10,30,8,86,46,40
이민호,62929,2018,NC,4.68,50,0,0,5,4,14,0,0.556,224,50,52,8,19,3,42,34,26
이민호,62929,2019,NC,6.52,11,0,0,0,0,0,0,-,54,9 2/3,14,0,9,1,4,7,7
신재영,62937,2016,넥센,3.90,30,0,0,15,7,0,0,0.682,718,168 2/3,192,19,21,11,99,76,73
신재영,62937,2017,넥센,4.54,34,1,1,6,7,1,2,0.462,537,125,137,14,25,16,75,68,63
신재영,62937,2018,넥센,6.75,26,0,0,8,9,0,1,0.471,452,101 1/3,133,31,23,8,53,80,76
신재영,62937,2019,키움,3.68,12,0,0,1,0,0,0,1.000,132,29 1/3,34,1,9,4,21,14,12
신재영,62937,2020,키움,12.60,7,0,0,0,0,0,0,-,34,5,13,2,4,0,1,8,7
신재영,62937,2021,SSG,5.72,20,0,0,0,0,0,0,-,124,28 1/3,35,3,2,4,27,18,18
신재영,62937,2022,SSG,12.46,4,0,0,0,0,0,0,-,21,4 1/3,9,2,0,0,4,6,6
정진,62941,2013,NC,3.86,5,0,0,0,0,0,0,-,30,7,6,0,3,0,5,4,3
이형범,62951,2013,NC,7.71,2,0,0,0,0,0,0,-,22,4 2/3,8,1,3,0,2,4,4
이형범,62951,2017,NC,3.07,14,0,0,1,2,0,0,0.333,126,29 1/3,26,2,13,5,14,12,10
이형범,62951,2018,NC,5.17,23,0,0,1,1,0,0,0.500,238,54,62,5,24,1,22,36,31
이형범,62951,2019,두산,2.66,67,0,0,6,3,19,10,0.667,258,61,57,4,19,9,31,25,18
이형범,62951,2020,두산,7.71,27,0,0,1,2,1,1,0.333,122,25 2/3,30,5,16,2,13,22,22
이형범,62951,2021,두산,0.00,4,0,0,0,0,0,0,-,16,2 2/3,2,0,5,1,2,2,0
이형범,62951,2022,두산,4.35,31,0,0,0,1,0,0,0.000,142,31,34,1,11,4,17,17,15
이형범,62951,2023,두산,6.51,23,0,0,1,0,0,1,1.000,134,27 2/3,40,2,12,3,13,23,20
최금강,62966,2013,NC,4.28,30,0,0,0,2,0,4,0.000,158,33 2/3,32,0,20,4,33,17,16
최금강,62966,2014,NC,9.00,4,0,0,0,0,0,0,-,24,5,9,0,2,0,4,5,5
최금강,62966,2015,NC,3.71,78,0,0,6,5,1,14,0.545,384,89 2/3,77,11,37,11,61,40,37
최금강,62966,2016,NC,5.00,52,0,0,11,4,2,4,0.733,486,108,123,13,36,8,84,65,60
최금강,62966,2017,NC,7.33,39,0,0,5,3,0,0,0.625,418,89 2/3,111,15,34,12,51,79,73
최금강,62966,2018,NC,8.44,19,0,0,0,1,0,1,0.000,183,37 1/3,51,8,22,2,18,36,35
최금강,62966,2021,NC,4.50,20,0,0,2,1,1,0,0.667,129,28,29,4,17,2,25,14,14
안성무,63027,2017,삼성,7.71,5,0,0,1,1,0,0,0.500,58,11 2/3,14,2,10,1,8,10,10
안성무,63027,2018,삼성,11.57,2,0,0,0,0,0,0,-,11,2 1/3,3,2,1,0,5,3,3
류원석,63103,2019,LG,5.40,2,0,0,0,0,0,0,-,17,3 1/3,2,1,5,0,4,2,2
류원석,63103,2020,LG,11.57,4,0,0,0,1,0,0,0.000,37,4 2/3,8,1,11,4,5,14,6
류원석,63103,2021,LG,6.00,6,0,0,0,0,0,0,-,28,6,1,0,9,1,8,4,4
류원석,63103,2023,한화,4.50,1,0,0,0,0,0,0,-,8,2,1,0,0,1,1,1,1
조근종,63104,2017,KT,22.50,1,0,0,0,0,0,0,-,13,2,6,1,1,0,5,5,5
조근종,63104,2019,KT,5.91,10,0,0,0,0,0,1,-,53,10 2/3,15,1,5,2,6,7,7
류제국,63111,2013,LG,3.87,20,0,0,12,2,0,0,0.857,485,111 2/3,109,11,50,9,88,50,48
류제국,63111,2014,LG,5.12,27,0,0,9,7,0,0,0.563,661,147 2/3,146,13,58,13,128,100,84
류제국,63111,2015,LG,4.78,24,0,0,4,9,0,0,0.308,572,130,134,16,55,14,88,72,69
류제국,63111,2016,LG,4.30,29,1,1,13,11,0,0,0.542,701,161 1/3,152,14,70,21,138,83,77
류제국,63111,2017,LG,5.35,25,0,0,8,6,0,0,0.571,591,131 1/3,140,10,55,19,107,87,78
류제국,63111,2019,LG,4.22,11,0,0,0,2,0,0,0.000,243,53 1/3,57,5,26,4,31,27,25
이윤학,63137,2015,KT,24.00,2,0,0,0,0,0,0,-,20,3,9,2,2,0,4,8,8
배재준,63145,2018,LG,4.42,16,0,0,1,0,0,0,1.000,174,38 2/3,34,3,20,1,41,24,19
배재준,63145,2019,LG,5.23,19,0,0,3,4,0,0,0.429,282,62,61,3,33,8,44,42,36
배재준,63145,2021,LG,4.13,15,0,0,2,2,0,0,0.500,151,32 2/3,42,1,13,3,23,17,15
배재준,63145,2022,LG,2.30,17,0,0,0,1,0,0,0.000,129,31 1/3,22,0,15,4,23,11,8
배재준,63145,2023,LG,18.00,1,0,0,0,0,0,0,-,6,1,2,0,1,0,0,2,2
올슨,63230,2013,두산,6.52,10,0,0,1,1,0,0,0.500,180,38 2/3,41,2,27,5,35,30,28
핸킨스,63229,2013,두산,6.23,12,0,0,3,3,0,0,0.500,273,60 2/3,79,5,21,3,30,42,42
함덕주,63248,2013,두산,33.75,3,0,0,0,0,0,0,-,12,1 1/3,6,0,2,0,2,5,5
함덕주,63248,2014,두산,4.44,31,0,0,1,0,0,2,1.000,111,26 1/3,24,2,12,1,23,13,13
함덕주,63248,2015,두산,3.65,68,0,0,7,2,2,16,0.778,278,61 2/3,52,4,46,2,76,30,25
함덕주,63248,2016,두산,6.23,15,0,0,0,0,0,0,-,46,8 2/3,10,0,11,0,7,6,6
함덕주,63248,2017,두산,3.67,35,0,0,9,8,0,2,0.529,598,137 1/3,128,8,64,4,139,61,56
함덕주,63248,2018,두산,2.96,62,0,0,6,3,27,3,0.667,293,67,58,4,37,4,75,23,22
함덕주,63248,2019,두산,3.46,61,0,0,2,5,16,7,0.286,236,54 2/3,39,6,34,1,48,24,21
함덕주,63248,2020,두산,3.90,36,0,0,5,1,10,2,0.833,240,55 1/3,55,2,21,0,55,25,24
함덕주,63248,2021,LG,4.29,16,0,0,1,2,0,1,0.333,98,21,20,2,13,3,18,11,10
함덕주,63248,2022,LG,2.13,13,0,0,0,0,0,0,-,58,12 2/3,9,0,11,1,13,3,3
함덕주,63248,2023,LG,1.62,57,0,0,4,0,4,16,1.000,222,55 2/3,32,1,22,2,59,12,10
박소준,63292,2015,두산,11.57,3,0,0,0,0,0,0,-,13,2 1/3,4,1,3,0,2,3,3
박소준,63292,2020,두산,5.54,8,0,0,1,2,0,0,0.333,117,26,30,3,14,0,20,16,16
박소준,63292,2021,두산,5.73,22,0,0,0,4,0,0,0.000,274,59 2/3,69,3,29,3,33,42,38
유창준,63295,2013,두산,4.00,5,0,0,0,1,0,0,0.000,38,9,9,1,3,0,5,4,4
유창준,63295,2014,두산,11.25,4,0,0,0,0,0,1,-,24,4,9,0,4,0,1,5,5
조성운,63348,2018,넥센,7.43,25,0,0,0,0,0,0,-,128,26 2/3,35,6,13,0,25,24,22
조성운,63348,2019,키움,7.20,5,0,0,0,0,0,0,-,25,5,9,0,2,0,3,4,4
조성운,63348,2020,키움,5.40,42,0,0,1,1,0,1,0.500,201,45,48,6,19,2,29,30,27
조상우,63342,2013,넥센,4.50,5,0,0,0,0,0,0,-,40,8,11,0,5,0,7,4,4
조상우,63342,2014,넥센,2.47,48,0,0,6,2,0,11,0.750,280,69 1/3,53,2,29,3,73,21,19
조상우,63342,2015,넥센,3.09,70,0,0,8,5,5,19,0.615,382,93 1/3,65,4,41,6,89,36,32
조상우,63342,2017,넥센,4.87,13,0,0,5,3,0,2,0.625,198,44 1/3,53,3,15,1,45,25,24
조상우,63342,2018,넥센,3.79,18,0,0,1,2,9,0,0.333,78,19,16,1,6,2,23,11,8
조상우,63342,2019,키움,2.66,48,0,0,2,4,20,8,0.333,192,47 1/3,45,3,8,2,46,15,14
조상우,63342,2020,키움,2.15,53,0,0,5,3,33,0,0.625,232,54 1/3,50,3,18,2,64,15,13
조상우,63342,2021,키움,3.48,44,0,0,6,5,15,5,0.545,187,44,30,4,19,2,47,18,17
밴덴헐크,63432,2013,삼성,3.95,24,0,0,7,9,0,0,0.438,612,143 2/3,127,11,48,11,137,67,63
밴덴헐크,63432,2014,삼성,3.18,25,1,0,13,4,0,0,0.765,622,152 2/3,125,15,45,5,180,54,54
윤대경,63464,2020,한화,1.59,55,0,0,5,0,0,7,1.000,225,51,48,3,25,3,42,16,9
윤대경,63464,2021,한화,3.94,43,0,0,2,5,0,7,0.286,337,77 2/3,73,8,34,6,54,35,34
윤대경,63464,2022,한화,7.53,25,0,0,4,9,0,0,0.308,349,75 1/3,106,6,17,7,51,63,63
윤대경,63464,2023,한화,2.45,47,0,0,5,1,0,2,0.833,199,47 2/3,36,4,19,6,28,18,13
이재익,63492,2020,삼성,135.00,4,0,0,0,0,0,0,-,13,2/3,8,2,2,0,1,11,10
이재익,63492,2021,삼성,4.50,11,0,0,2,0,0,0,1.000,51,10,11,1,12,0,5,6,5
이재익,63492,2022,삼성,5.94,42,0,0,3,2,0,7,0.600,149,33 1/3,41,4,9,1,21,25,22
이재익,63492,2023,삼성,3.95,51,0,0,1,3,0,11,0.250,181,41,46,3,17,0,26,19,18
카리대,63465,2013,삼성,27.00,3,0,0,0,1,0,0,0.000,21,2 1/3,8,0,6,0,1,7,7
박진형,63512,2015,롯데,0.00,2,0,0,0,0,0,0,-,6,1 1/3,2,0,0,0,1,0,0
박진형,63512,2016,롯데,5.81,39,0,0,6,2,0,3,0.750,438,93,101,9,54,13,78,65,60
박진형,63512,2017,롯데,5.11,45,0,0,4,4,2,10,0.500,391,88,88,8,47,4,95,51,50
박진형,63512,2018,롯데,6.23,13,0,0,3,2,0,1,0.600,69,13,23,1,8,1,11,12,9
박진형,63512,2019,롯데,4.02,41,0,0,2,1,5,5,0.667,169,40 1/3,40,6,11,0,40,19,18
박진형,63512,2020,롯데,5.70,53,0,0,1,4,0,17,0.200,194,42 2/3,56,7,13,4,50,27,27
박진형,63512,2021,롯데,7.88,22,0,0,2,1,0,0,0.667,81,16,25,1,10,0,23,14,14
로드리게스,63462,2013,삼성,4.40,11,0,0,3,5,0,0,0.375,249,57 1/3,49,6,30,2,46,29,28
구승민,63543,2014,롯데,0.00,1,0,0,0,0,0,0,-,1,2/3,0,0,0,0,1,0,0
구승민,63543,2015,롯데,10.24,11,0,0,0,2,0,0,0.000,140,29,46,9,9,2,20,33,33
구승민,63543,2018,롯데,3.67,64,0,0,7,4,0,14,0.636,307,73 2/3,62,12,31,3,75,33,30
구승민,63543,2019,롯데,6.25,41,0,0,1,4,2,6,0.200,180,36,45,5,21,3,43,29,25
구승민,63543,2020,롯데,3.58,57,0,0,5,2,0,20,0.714,238,60 1/3,40,8,26,0,58,25,24
구승민,63543,2021,롯데,4.33,68,0,0,6,5,0,20,0.545,262,62 1/3,47,5,31,4,65,30,30
구승민,63543,2022,롯데,2.90,73,0,0,2,4,0,26,0.333,263,62,46,3,35,1,77,20,20
구승민,63543,2023,롯데,3.96,67,0,0,2,6,3,22,0.250,289,63 2/3,65,4,29,5,66,32,28
고영창,63628,2018,KIA,-,2,0,0,0,0,0,0,-,6,0,4,0,1,1,0,6,6
고영창,63628,2019,KIA,3.50,55,0,0,1,3,1,10,0.250,243,54,63,2,14,8,22,22,21
고영창,63628,2020,KIA,6.83,48,0,0,1,1,1,2,0.500,275,58,88,3,17,5,23,46,44
고영창,63628,2021,KIA,5.79,24,0,0,0,2,0,6,0.000,108,23 1/3,30,0,10,2,6,19,15
고영창,63628,2022,KIA,1.88,27,0,0,0,1,0,0,0.000,104,24,24,2,10,3,9,5,5
손동욱,63619,2013,KIA,12.34,13,0,0,0,0,0,0,-,61,11 2/3,15,2,10,2,10,16,16
손동욱,63619,2017,넥센,0.00,1,0,0,0,0,0,0,-,4,1,0,0,1,0,1,0,0
박준표,63638,2013,KIA,3.72,11,0,0,1,1,0,2,0.500,37,9 2/3,7,2,3,0,6,4,4
박준표,63638,2014,KIA,7.94,13,0,0,0,1,0,0,0.000,108,22 2/3,28,3,11,4,6,22,20
박준표,63638,2015,KIA,6.26,37,0,0,2,2,0,3,0.500,201,46,54,4,11,5,33,32,32
박준표,63638,2016,KIA,6.27,46,0,0,4,0,0,5,1.000,238,51 2/3,60,4,22,8,33,39,36
박준표,63638,2018,KIA,0.00,1,0,0,0,0,0,0,-,8,2,0,0,2,0,2,0,0
박준표,63638,2019,KIA,2.09,49,0,0,5,2,0,15,0.714,210,56,42,4,6,4,30,15,13
박준표,63638,2020,KIA,1.57,50,0,0,7,1,6,11,0.875,205,51 2/3,41,3,8,0,44,16,9
박준표,63638,2021,KIA,5.91,32,0,0,2,4,0,4,0.333,158,32,42,3,17,9,18,24,21
박준표,63638,2022,KIA,5.40,34,0,0,1,0,0,8,1.000,112,23 1/3,27,4,10,8,11,15,14
박준표,63638,2023,KIA,4.50,33,0,0,1,0,0,3,1.000,118,28,28,3,9,0,13,16,14
이브랜드,63737,2013,한화,5.54,32,2,0,6,14,0,0,0.300,758,172 1/3,190,7,65,10,129,110,106
조지훈,63730,2013,한화,6.11,21,0,0,0,3,0,0,0.000,154,35 1/3,30,7,15,3,30,24,24
조지훈,63730,2014,한화,27.00,2,0,0,0,0,0,0,-,6,2/3,2,1,1,1,0,2,2
이충호,63749,2017,한화,13.50,21,0,0,1,1,0,1,0.500,67,11 1/3,21,3,12,3,8,18,17
이충호,63749,2019,한화,45.00,1,0,0,0,0,0,0,-,10,1,6,1,1,0,0,5,5
이충호,63749,2021,한화,7.71,17,0,0,1,0,0,0,1.000,85,16 1/3,20,1,13,3,11,17,14
이충호,63749,2022,한화,9.64,5,0,0,1,0,0,0,1.000,27,4 2/3,7,1,5,1,4,5,5
이충호,63749,2023,한화,9.35,11,0,0,0,0,0,0,-,41,8 2/3,12,2,5,1,7,9,9
김종수,63765,2018,한화,1.80,3,0,0,0,0,0,0,-,18,5,3,1,0,0,1,1,1
김종수,63765,2019,한화,5.81,35,0,0,2,0,0,0,1.000,148,31,30,4,33,1,28,21,20
김종수,63765,2020,한화,5.94,54,0,0,1,1,1,7,0.500,228,50,54,6,26,3,43,34,33
김종수,63765,2021,한화,4.82,49,0,0,1,1,0,6,0.500,208,46 2/3,34,7,32,3,38,29,25
김종수,63765,2022,한화,4.40,52,0,0,3,4,1,6,0.429,197,45,39,5,21,2,45,30,22
송창현,63791,2013,한화,3.70,30,0,0,2,8,0,0,0.200,348,82 2/3,58,9,47,5,46,40,34
송창현,63791,2014,한화,6.69,20,0,0,1,9,0,0,0.100,390,79 1/3,104,11,60,3,30,69,59
송창현,63791,2016,한화,5.06,11,0,0,0,0,0,0,-,46,10 2/3,9,0,6,0,11,6,6
송창현,63791,2019,한화,6.39,3,0,0,0,1,0,0,0.000,57,12 2/3,15,4,4,0,5,9,9
세든,63810,2013,SK,2.98,30,1,0,14,6,0,0,0.700,780,187 1/3,169,14,73,11,160,65,62
세든,63810,2015,SK,4.99,14,1,1,7,5,0,0,0.583,319,74,77,12,28,5,67,42,41
세든,63810,2016,SK,5.37,12,0,0,5,5,0,0,0.500,283,62,76,8,17,1,43,52,37
레이예스,63857,2013,SK,4.84,30,2,1,8,13,0,0,0.381,751,173,157,15,91,7,135,99,93
레이예스,63857,2014,SK,6.55,13,0,0,2,7,0,0,0.222,369,78 1/3,103,10,38,3,41,64,57
김사윤,63894,2017,SK,9.00,2,0,0,0,0,0,0,-,15,3,2,0,4,0,3,3,3
김사윤,63894,2020,SK,5.13,57,0,0,1,1,1,10,0.500,226,47 1/3,37,5,45,8,42,30,27
김사윤,63894,2021,SSG,9.87,6,0,0,0,1,0,0,0.000,92,17 1/3,20,5,20,4,21,20,19
김사윤,63894,2022,KIA,7.00,31,0,0,3,0,0,2,1.000,128,27,23,2,24,4,23,21,21
이성민,63935,2013,NC,5.15,40,0,0,3,4,0,4,0.429,266,57 2/3,65,8,27,7,33,35,33
이성민,63935,2014,NC,5.79,9,0,0,1,2,0,0,0.333,134,28,37,0,16,1,14,22,18
이성민,63935,2015,롯데,4.58,61,0,0,5,7,4,7,0.417,343,72 2/3,92,11,33,4,58,44,37
이성민,63935,2016,롯데,7.08,36,0,0,6,5,0,1,0.545,327,68 2/3,89,11,42,4,47,59,54
손정욱,63914,2013,NC,1.77,32,0,0,0,1,0,1,0.000,83,20 1/3,15,2,9,2,10,5,4
손정욱,63914,2014,NC,4.70,67,0,0,2,1,1,16,0.667,194,44,40,3,25,1,38,24,23
손정욱,63914,2015,NC,6.56,20,0,0,1,0,0,0,1.000,112,23 1/3,37,3,9,0,17,17,17
손정욱,63914,2020,NC,5.25,16,0,0,0,0,0,0,-,58,12,16,1,5,1,5,8,7
손정욱,63914,2021,NC,6.57,15,0,0,1,0,0,0,1.000,61,12 1/3,17,1,7,0,8,9,9
찰리,63939,2013,NC,2.48,29,0,0,11,7,0,0,0.611,790,189,175,6,60,14,116,60,52
찰리,63939,2014,NC,3.81,28,1,1,12,8,0,0,0.600,718,165 1/3,184,13,55,9,92,90,70
찰리,63939,2015,NC,5.74,12,0,0,4,5,0,0,0.444,245,53 1/3,67,8,19,7,29,39,34
이상민,63960,2013,NC,9.00,8,0,0,0,0,0,1,-,13,2,5,0,1,1,5,2,2
이상민,63960,2014,넥센,8.10,6,0,0,0,0,0,0,-,19,3 1/3,4,0,4,0,4,4,3
이상민,63960,2015,넥센,10.71,23,0,0,0,1,0,1,0.000,99,19 1/3,29,4,10,3,12,23,23
이상민,63960,2018,넥센,0.00,4,0,0,0,0,0,0,-,16,4 2/3,3,0,1,0,2,0,0
이상민,63960,2020,삼성,6.43,17,0,0,0,1,0,1,0.000,69,14,17,4,11,1,13,10,10
이상민,63960,2021,삼성,4.74,30,0,0,1,1,0,3,0.500,110,24 2/3,28,2,14,0,14,15,13
이상민,63960,2022,삼성,3.68,46,0,0,0,0,0,9,-,138,29 1/3,30,5,15,3,23,13,12
이상민,63960,2023,삼성,8.50,23,0,0,2,1,0,1,0.667,83,18,32,2,3,0,17,17,17
해커,63938,2013,NC,3.63,27,3,0,4,11,0,0,0.267,744,178 1/3,163,12,50,17,127,83,72
해커,63938,2014,NC,4.01,30,1,0,8,8,0,0,0.500,749,172 2/3,169,14,62,14,112,86,77
해커,63938,2015,NC,3.13,31,1,0,19,5,0,0,0.792,833,204,174,14,36,25,164,81,71
해커,63938,2016,NC,3.45,23,0,0,13,3,0,0,0.813,587,140 2/3,132,14,31,10,119,57,54
해커,63938,2017,NC,3.42,26,1,0,12,7,0,0,0.632,672,160 1/3,159,14,29,14,97,64,61
해커,63938,2018,넥센,5.20,14,0,0,5,3,0,0,0.625,349,79 2/3,86,16,30,5,56,49,46
아담,63940,2013,NC,4.12,17,0,0,4,8,0,0,0.333,383,91 2/3,93,12,27,1,70,48,42
장현식,63950,2013,NC,13.50,2,0,0,0,0,0,0,-,11,2,6,0,0,0,0,3,3
장현식,63950,2015,NC,9.00,2,0,0,0,0,0,0,-,11,2,3,0,2,0,3,2,2
장현식,63950,2016,NC,4.48,37,0,0,1,3,0,1,0.250,331,76 1/3,68,5,43,2,59,40,38
장현식,63950,2017,NC,5.29,31,0,0,9,9,0,0,0.500,600,134 1/3,139,18,66,5,120,86,79
장현식,63950,2018,NC,7.43,21,0,0,3,2,2,1,0.600,126,26 2/3,31,7,17,0,24,22,22
장현식,63950,2019,NC,4.61,53,0,0,5,4,0,9,0.556,246,54 2/3,58,9,23,4,49,31,28
장현식,63950,2020,KIA,10.76,37,0,0,4,4,0,6,0.500,207,41,64,8,22,3,26,52,49
장현식,63950,2021,KIA,3.29,69,0,0,1,5,1,34,0.167,336,76 2/3,67,7,42,3,80,28,28
장현식,63950,2022,KIA,3.12,54,0,0,2,3,1,19,0.400,233,52,54,4,26,1,40,20,18
장현식,63950,2023,KIA,4.06,56,0,0,2,2,3,5,0.500,226,51,58,6,26,1,44,26,23
윤강민,63936,2013,NC,27.00,1,0,0,0,0,0,0,-,7,1,3,0,1,0,0,3,3
윤강민,63936,2015,NC,45.00,2,0,0,0,0,0,0,-,8,1,2,0,3,1,1,5,5
윤강민,63936,2018,NC,17.47,6,0,0,0,0,0,0,-,36,5 2/3,14,1,5,2,4,11,11
윤강민,63936,2019,NC,8.22,5,0,0,0,1,0,0,0.000,42,7 2/3,12,1,6,2,5,8,7
윤강민,63936,2020,SK,67.50,1,0,0,0,0,0,0,-,8,2/3,4,0,1,1,1,5,5
임정호,63959,2015,NC,3.75,80,0,0,1,2,0,14,0.333,200,48,31,2,27,5,54,21,20
임정호,63959,2016,NC,5.40,42,0,0,1,1,1,7,0.500,111,23 1/3,25,0,11,6,29,17,14
임정호,63959,2017,NC,4.45,59,0,0,1,0,0,7,1.000,134,30 1/3,30,3,14,2,33,19,15
임정호,63959,2019,NC,3.86,6,0,0,0,1,0,0,0.000,19,4 2/3,3,0,2,0,6,2,2
임정호,63959,2020,NC,4.61,69,0,0,2,2,0,22,0.500,175,41,32,3,20,7,38,23,21
임정호,63959,2021,NC,4.15,60,0,0,0,4,0,12,0.000,165,34 2/3,37,2,25,3,24,20,16
임정호,63959,2022,NC,3.24,33,0,0,1,2,0,6,0.333,104,25,21,1,7,2,30,11,9
임정호,63959,2023,NC,4.68,65,0,0,4,4,0,15,0.500,216,50,51,3,17,4,49,30,26
윤호솔,63961,2014,NC,13.50,2,0,0,0,0,0,0,-,18,3 1/3,8,3,0,1,3,5,5
윤호솔,63961,2019,한화,17.18,3,0,0,0,0,0,0,-,22,3 2/3,8,1,3,0,2,7,7
윤호솔,63961,2020,한화,10.50,6,0,0,0,1,0,0,0.000,32,6,8,2,6,0,4,8,7
윤호솔,63961,2021,한화,4.62,55,0,0,3,0,0,8,1.000,214,48 2/3,41,7,30,3,42,29,25
윤호솔,63961,2022,한화,4.04,52,0,0,3,5,0,7,0.375,199,42 1/3,43,2,28,0,33,26,19
윤호솔,63961,2023,LG,2.45,4,0,0,0,0,0,0,-,17,3 2/3,3,0,3,0,4,1,1
박진우,63991,2015,NC,3.14,11,0,0,1,1,0,0,0.500,62,14 1/3,19,1,2,1,8,5,5
박진우,63991,2018,NC,3.66,11,0,0,1,0,0,1,1.000,80,19 2/3,18,2,5,2,15,8,8
박진우,63991,2019,NC,3.14,41,0,0,9,7,0,5,0.563,590,140 2/3,137,9,29,19,92,53,49
박진우,63991,2020,NC,5.23,43,0,0,2,2,0,7,0.500,194,43,47,2,13,6,22,29,25
박진우,63991,2021,NC,1.64,9,0,0,0,0,0,1,-,44,11,6,0,5,1,12,2,2
고영표,64001,2015,KT,5.68,46,0,0,3,4,0,0,0.429,266,57,68,2,19,16,57,41,36
고영표,64001,2016,KT,5.59,53,0,0,2,4,0,5,0.333,260,56 1/3,65,6,19,10,62,38,35
고영표,64001,2017,KT,5.08,25,2,1,8,12,0,1,0.400,612,141 2/3,170,13,16,18,125,84,80
고영표,64001,2018,KT,5.13,25,3,1,6,9,0,0,0.400,620,142,175,17,25,14,134,91,81
고영표,64001,2021,KT,2.92,26,1,1,11,6,0,1,0.647,664,166 2/3,147,9,27,14,130,59,54
고영표,64001,2022,KT,3.26,28,1,1,13,8,0,0,0.619,758,182 1/3,191,7,23,16,156,69,66
고영표,64001,2023,KT,2.78,28,0,0,12,7,0,0,0.632,706,174 2/3,181,7,19,9,114,57,54
심재민,64017,2015,KT,6.87,50,0,0,2,3,0,1,0.400,270,56 1/3,68,3,41,7,29,45,43
심재민,64017,2016,KT,5.47,59,0,0,2,3,0,7,0.400,255,54 1/3,75,4,24,5,30,36,33
심재민,64017,2017,KT,5.18,64,0,0,1,7,0,13,0.125,344,74 2/3,86,11,31,4,69,48,43
심재민,64017,2018,KT,4.61,44,0,0,4,5,2,3,0.444,179,41,47,5,17,2,36,25,21
심재민,64017,2021,KT,2.89,28,0,0,0,1,0,1,0.000,189,46 2/3,41,4,11,0,35,15,15
심재민,64017,2022,KT,3.74,44,0,0,4,1,0,6,0.800,184,43 1/3,41,4,16,2,21,19,18
심재민,64017,2023,롯데,3.78,33,1,0,3,1,0,6,0.750,218,47 2/3,57,2,18,1,29,23,20
박세웅,64021,2015,롯데,5.76,31,0,0,2,11,0,0,0.154,526,114,129,16,54,12,82,81,73
박세웅,64021,2016,롯데,5.76,27,0,0,7,12,0,0,0.368,627,139,160,17,62,6,133,97,89
박세웅,64021,2017,롯데,3.68,28,0,0,12,6,0,0,0.667,725,171 1/3,170,21,56,9,117,74,70
박세웅,64021,2018,롯데,9.92,14,0,0,1,5,0,0,0.167,258,49,83,10,29,4,40,54,54
박세웅,64021,2019,롯데,4.20,12,0,0,3,6,0,0,0.333,263,60,66,3,23,0,44,33,28
박세웅,64021,2020,롯데,4.70,28,0,0,8,10,0,0,0.444,658,147 1/3,177,20,47,8,108,85,77
박세웅,64021,2021,롯데,3.98,28,1,1,10,9,0,0,0.526,685,163,141,20,53,10,125,75,72
박세웅,64021,2022,롯데,3.89,28,0,0,10,11,0,0,0.476,679,157 1/3,179,8,32,8,146,80,68
박세웅,64021,2023,롯데,3.45,27,0,0,9,7,0,0,0.563,657,154,145,8,59,4,129,70,59
시스코,64049,2015,KT,6.23,17,0,0,0,6,0,2,0.000,185,39,43,5,25,4,42,34,27
조현우,64047,2015,롯데,4.50,3,0,0,0,0,0,0,-,15,4,3,2,1,0,4,3,2
조현우,64047,2019,KT,3.52,7,0,0,0,0,0,0,-,35,7 2/3,6,0,5,1,9,3,3
조현우,64047,2020,KT,3.09,54,0,0,5,1,1,9,0.833,196,46 2/3,38,1,22,1,33,16,16
조현우,64047,2021,KT,2.61,49,0,0,0,0,0,6,-,126,31,26,0,7,1,13,10,9
조현우,64047,2022,KT,4.50,19,0,0,0,0,0,2,-,57,12,14,0,4,4,5,8,6
조현우,64047,2023,KT,6.00,5,0,0,0,0,0,0,-,17,3,6,0,2,0,1,2,2
안현준,64041,2015,KT,5.06,13,0,0,0,0,0,0,-,84,16,23,1,12,1,25,13,9
안현준,64041,2016,KT,6.00,11,0,0,0,0,0,0,-,57,12,11,2,9,2,12,8,8
안현준,64041,2020,KT,108.00,1,0,0,0,0,0,0,-,5,1/3,2,0,2,0,0,4,4
류희운,64029,2016,KT,10.80,5,0,0,0,0,0,0,-,40,8 1/3,13,1,3,0,3,10,10
류희운,64029,2017,KT,7.67,24,0,0,4,4,0,0,0.500,395,81,99,18,53,8,52,72,69
류희운,64029,2018,KT,4.91,29,0,0,1,1,0,1,0.500,195,44,53,11,14,2,28,25,24
류희운,64029,2019,KT,23.14,1,0,0,0,1,0,0,0.000,17,2 1/3,8,0,2,0,1,6,6
류희운,64029,2020,KT,10.80,7,0,0,0,1,0,0,0.000,41,8 1/3,14,1,4,0,7,10,10
류희운,64029,2022,한화,8.49,15,0,0,0,1,0,0,0.000,56,11 2/3,15,2,7,2,10,11,11
류희운,64029,2023,한화,11.25,3,0,0,0,0,0,0,-,20,4,6,1,2,0,4,5,5
이영준,64051,2017,넥센,5.40,10,0,0,1,0,0,0,1.000,43,8 1/3,10,0,4,2,4,5,5
이영준,64051,2018,넥센,22.50,2,0,0,0,0,0,0,-,15,2,6,0,3,0,2,5,5
이영준,64051,2019,키움,2.97,29,0,0,1,1,0,1,0.500,136,33 1/3,39,0,5,0,19,11,11
이영준,64051,2020,키움,4.73,52,0,0,2,3,0,25,0.400,176,40,41,5,19,2,32,21,21
이영준,64051,2022,키움,4.29,26,0,0,2,2,0,4,0.500,102,21,27,0,13,2,16,12,10
이영준,64051,2023,키움,21.60,2,0,0,0,1,0,0,0.000,10,1 2/3,4,0,1,0,0,4,4
티포드,64136,2014,LG,5.24,20,0,0,5,6,0,0,0.455,455,99 2/3,105,9,51,6,85,64,58
임지섭,64155,2014,LG,6.75,4,0,0,1,2,0,0,0.333,73,14 2/3,15,1,17,1,8,11,11
임지섭,64155,2015,LG,6.25,8,0,0,1,2,0,0,0.333,144,31 2/3,18,3,36,2,37,23,22
임지섭,64155,2018,LG,25.07,2,0,0,0,2,0,0,0.000,32,4 2/3,11,3,7,0,4,13,13
임지섭,64155,2019,LG,2.70,8,0,0,0,0,0,0,-,33,6 2/3,5,0,8,1,9,4,2
리오단,64157,2014,LG,3.96,28,2,1,9,10,0,0,0.474,707,168,177,13,37,10,77,80,74
홍영현,64204,2016,두산,7.11,6,0,0,1,0,0,0,1.000,33,6 1/3,9,1,6,0,6,6,5
볼스테드,64230,2014,두산,6.21,17,1,0,5,7,0,0,0.417,410,87,116,8,37,7,32,70,60
마야,64219,2014,두산,4.86,11,1,0,2,4,0,0,0.333,278,63,67,6,24,4,54,36,34
마야,64219,2015,두산,8.17,13,1,1,2,5,0,0,0.286,317,68 1/3,83,6,31,5,62,62,62
한주성,64255,2018,두산,6.75,3,0,0,0,0,0,0,-,22,4,8,0,1,1,1,3,3
최병욱,64259,2014,두산,6.61,12,0,0,0,0,0,0,-,77,16 1/3,24,4,7,0,9,12,12
전용훈,64267,2017,두산,6.00,7,0,0,0,0,0,0,-,39,9,11,0,2,0,6,7,6
하영민,64350,2014,넥센,7.22,14,0,0,3,5,0,0,0.375,288,62 1/3,84,9,28,0,43,52,50
하영민,64350,2015,넥센,7.53,18,0,0,2,0,0,0,1.000,159,34 2/3,48,7,12,2,25,30,29
하영민,64350,2016,넥센,3.14,11,0,0,1,1,0,1,0.500,121,28 2/3,33,2,9,2,15,12,10
하영민,64350,2017,넥센,4.76,28,0,0,1,1,0,1,0.500,206,45 1/3,49,5,30,1,23,24,24
하영민,64350,2018,넥센,7.71,9,0,0,0,2,0,0,0.000,89,16 1/3,30,3,7,1,10,18,14
하영민,64350,2022,키움,3.43,41,0,0,5,3,0,2,0.625,178,39 1/3,35,4,21,0,23,27,15
하영민,64350,2023,키움,4.64,57,0,0,3,1,0,5,0.750,247,52 1/3,67,4,25,1,51,36,27
구자형,64354,2015,넥센,10.13,3,0,0,0,0,0,0,-,13,2 2/3,4,0,2,0,1,3,3
김윤환,64396,2016,넥센,0.00,1,0,0,0,0,0,0,-,4,1,0,0,1,0,0,0,0
마틴,64430,2014,삼성,4.78,23,0,0,9,6,0,0,0.600,562,128,148,10,31,7,84,69,68
안규현,64462,2017,삼성,9.00,1,0,0,0,0,0,0,-,11,2,2,0,3,1,1,2,2
이수민,64464,2014,삼성,2.45,5,0,0,1,0,0,1,1.000,39,7 1/3,7,0,10,1,7,2,2
이수민,64464,2017,삼성,10.13,1,0,0,0,0,0,0,-,14,2 2/3,4,0,1,1,1,3,3
이수민,64464,2022,삼성,5.79,4,0,0,0,0,0,0,-,23,4 2/3,3,1,5,1,2,3,3
오윤석,64504,2021,KT,0.00,1,0,0,0,0,0,0,-,2,2/3,0,0,0,0,0,0,0
구준범,64498,2021,삼성,22.50,1,0,0,0,0,0,0,-,12,2,2,2,3,1,1,5,5
배성근,64501,2021,롯데,0.00,2,0,0,0,0,0,0,-,9,2,2,0,1,0,1,0,0
문동욱,64554,2014,롯데,9.00,1,0,0,0,0,0,0,-,11,2,3,0,1,1,0,2,2
문동욱,64554,2019,한화,12.06,12,0,0,1,1,0,0,0.500,91,15 2/3,36,3,4,3,12,25,21
문동욱,64554,2020,한화,4.50,19,0,0,0,1,1,1,0.000,83,18,12,2,17,2,9,10,9
문동욱,64554,2021,한화,0.00,1,0,0,0,0,0,0,-,6,1 1/3,1,0,1,0,2,0,0
이인복,64565,2014,롯데,15.43,3,0,0,0,0,0,0,-,28,4 2/3,8,2,4,1,2,9,8
이인복,64565,2015,롯데,10.18,9,0,0,0,0,0,0,-,105,20 1/3,36,4,8,2,9,25,23
이인복,64565,2019,롯데,11.68,11,0,0,0,0,0,0,-,74,12 1/3,29,2,8,0,7,18,16
이인복,64565,2020,롯데,3.97,47,0,0,1,4,0,2,0.200,199,45 1/3,57,2,12,1,21,22,20
이인복,64565,2021,롯데,4.11,25,0,0,3,0,0,1,1.000,271,61 1/3,75,5,14,5,45,31,28
이인복,64565,2022,롯데,4.19,26,0,0,9,9,0,1,0.500,547,126 2/3,153,6,30,4,71,63,59
이인복,64565,2023,롯데,6.48,10,0,0,1,4,0,0,0.200,168,33 1/3,54,3,10,5,15,32,24
심규범,64594,2014,롯데,0.00,1,0,0,0,0,0,0,-,3,1,0,0,0,0,1,0,0
심규범,64594,2015,롯데,7.11,16,0,0,0,1,0,1,0.000,31,6 1/3,7,1,6,0,6,5,5
심규범,64594,2018,NC,0.00,1,0,0,0,0,0,0,-,3,2/3,1,0,0,0,0,0,0
김유영,64596,2014,롯데,5.87,5,0,0,0,0,0,0,-,37,7 2/3,8,0,7,0,2,5,5
김유영,64596,2016,롯데,6.55,46,0,0,0,1,1,3,0.000,171,34 1/3,37,3,30,0,31,32,25
김유영,64596,2017,롯데,4.44,40,0,0,0,0,0,2,-,217,48 2/3,52,5,25,3,41,24,24
김유영,64596,2020,롯데,4.91,12,0,0,0,0,0,0,-,31,7 1/3,4,0,7,0,5,4,4
김유영,64596,2021,롯데,7.23,26,0,0,1,0,0,0,1.000,92,18 2/3,21,1,14,2,17,16,15
김유영,64596,2022,롯데,5.65,68,0,0,6,2,0,13,0.750,254,51,73,4,30,3,44,34,32
김재열,64580,2020,KIA,7.27,14,0,0,0,1,0,2,0.000,89,17 1/3,23,3,12,3,13,16,14
김재열,64580,2021,KIA,3.86,24,0,0,1,0,0,0,1.000,152,32 2/3,28,4,18,4,18,18,14
김재열,64580,2022,KIA,6.07,47,0,0,1,2,1,5,0.333,193,43,45,5,22,1,36,33,29
김재열,64580,2023,KIA,13.11,9,0,0,0,0,0,0,-,70,11 2/3,20,2,13,0,9,17,17
차명진,64615,2019,KIA,4.36,9,0,0,3,1,0,0,0.750,151,33,35,1,18,2,19,17,16
차명진,64615,2020,KIA,135.00,1,0,0,0,0,0,0,-,6,1/3,3,0,0,2,0,5,5
차명진,64615,2021,KIA,7.59,4,0,0,0,1,0,0,0.000,57,10 2/3,12,1,13,1,6,9,9
김지훈,64640,2014,KIA,8.53,10,0,0,0,1,0,0,0.000,63,12 2/3,19,2,9,0,7,12,12
어센시오,64641,2014,KIA,4.05,46,0,0,4,1,20,0,0.800,207,46 2/3,49,5,14,2,56,24,21
홀튼,64658,2014,KIA,4.80,17,0,0,5,8,0,0,0.385,417,93 2/3,96,10,48,3,58,54,50
토마스,64659,2014,KIA,4.44,10,0,0,2,2,0,0,0.500,210,46 2/3,55,3,19,1,51,26,23
최영환,64718,2014,한화,7.10,50,0,0,1,2,1,2,0.333,304,64 2/3,76,9,43,6,42,54,51
최영환,64718,2015,한화,0.00,1,0,0,0,0,0,0,-,8,1 1/3,2,0,2,0,1,2,0
최영환,64718,2019,롯데,6.41,15,0,0,0,0,0,0,-,88,19 2/3,21,1,9,1,20,15,14
최영환,64718,2020,롯데,6.30,6,0,0,0,1,0,0,0.000,53,10,19,4,3,1,7,11,7
최영환,64718,2021,롯데,6.20,20,0,0,1,2,0,0,0.333,181,40 2/3,45,4,24,2,28,30,28
최영환,64718,2022,롯데,20.25,1,0,0,0,1,0,0,0.000,18,2 2/3,8,0,1,1,1,6,6
최영환,64718,2023,롯데,9.90,8,0,0,0,1,0,0,0.000,54,10,15,0,7,1,7,14,11
앨버스,64737,2014,한화,5.89,28,1,1,6,13,0,0,0.316,673,151 1/3,200,18,40,4,107,108,99
타투스코,64762,2014,한화,7.07,14,1,0,2,6,0,0,0.250,299,63 2/3,64,7,45,6,49,51,50
황영국,64760,2014,한화,9.00,1,0,0,0,0,0,0,-,5,1,2,0,1,0,0,1,1
황영국,64760,2019,한화,6.75,6,0,0,0,0,0,0,-,20,4,8,2,1,0,6,3,3
황영국,64760,2020,한화,10.24,21,0,0,0,0,0,4,-,101,19 1/3,29,3,14,2,17,22,22
황영국,64760,2021,한화,5.52,18,0,0,0,2,0,2,0.000,71,14 2/3,16,0,10,1,15,10,9
서균,64759,2017,한화,4.40,14,0,0,0,0,0,0,-,64,14 1/3,17,2,3,3,10,7,7
서균,64759,2018,한화,5.79,56,0,0,1,1,1,10,0.500,168,37 1/3,39,7,16,7,22,26,24
서균,64759,2019,한화,14.54,7,0,0,0,0,0,0,-,27,4 1/3,10,0,3,0,3,8,7
서균,64759,2020,한화,0.00,7,0,0,0,0,0,0,-,34,7 1/3,7,0,6,1,1,0,0
서균,64759,2021,한화,10.80,3,0,0,0,0,0,0,-,10,1 2/3,2,0,0,2,0,2,2
클레이,64761,2014,한화,8.33,10,0,0,3,4,0,0,0.429,204,40,62,8,25,3,20,40,37
조이현,64768,2014,한화,10.64,6,0,0,0,1,0,0,0.000,58,11,22,4,4,0,8,13,13
조이현,64768,2015,한화,0.00,1,0,0,0,0,0,0,-,3,1,0,0,0,0,0,0,0
조이현,64768,2019,SK,8.03,7,0,0,0,0,0,0,-,57,12 1/3,19,3,4,0,8,12,11
조이현,64768,2020,SK,5.96,35,0,0,2,4,0,0,0.333,340,77,96,12,25,2,38,52,51
조이현,64768,2021,SSG,5.67,30,0,0,4,8,1,0,0.333,291,66 2/3,74,10,26,0,48,46,42
조이현,64768,2023,KT,6.69,18,0,0,2,1,0,1,0.667,170,35,61,3,6,2,17,27,26
박한길,64764,2015,한화,8.56,10,0,0,0,0,0,0,-,71,13 2/3,17,0,12,2,9,13,13
박한길,64764,2016,롯데,6.06,9,0,0,0,0,0,0,-,78,16 1/3,24,1,7,1,10,15,11
정광운,64769,2015,한화,6.75,2,0,0,0,0,0,0,-,7,1 1/3,2,0,1,0,1,1,1
이승진,64805,2018,SK,4.57,34,0,0,0,1,0,0,0.000,189,41 1/3,41,6,20,4,37,25,21
이승진,64805,2019,SK,8.05,17,0,0,0,0,0,1,-,89,19,21,3,12,1,14,17,17
이승진,64805,2020,두산,5.61,33,0,0,2,4,0,5,0.333,228,51 1/3,55,3,22,2,54,33,32
이승진,64805,2021,두산,3.91,47,0,0,1,4,2,13,0.200,210,48 1/3,41,3,31,2,28,24,21
이승진,64805,2022,두산,6.61,35,0,0,3,1,0,2,0.750,140,31 1/3,35,5,12,1,29,25,23
이승진,64805,2023,두산,0.00,1,0,0,0,0,0,0,-,6,2/3,1,0,1,1,1,4,0
울프,64824,2014,SK,4.85,23,0,0,2,2,4,0,0.500,364,85 1/3,88,10,27,6,41,48,46
박민호,64893,2014,SK,5.46,17,0,0,2,3,0,0,0.400,152,31 1/3,41,3,10,9,12,25,19
박민호,64893,2015,SK,4.28,20,0,0,1,1,0,1,0.500,116,27 1/3,26,4,9,2,12,18,13
박민호,64893,2016,SK,4.91,32,0,0,0,1,0,3,0.000,159,36 2/3,40,4,9,4,18,20,20
박민호,64893,2018,SK,15.43,3,0,0,0,0,0,0,-,12,2 1/3,4,1,1,1,0,4,4
박민호,64893,2019,SK,2.68,47,0,0,3,1,0,4,0.750,209,50 1/3,49,2,14,4,22,17,15
박민호,64893,2020,SK,2.42,57,0,0,2,1,4,11,0.667,215,52,43,4,19,2,36,16,14
박민호,64893,2021,SSG,3.73,40,0,0,4,0,0,5,1.000,177,41,45,3,11,4,19,18,17
박민호,64893,2022,SSG,4.09,22,0,0,1,1,1,4,0.500,101,22,26,3,11,2,12,10,10
박민호,64893,2023,SSG,0.90,10,0,0,0,0,0,0,-,47,10,14,0,1,2,4,3,1
이건욱,64861,2016,SK,27.00,1,0,0,0,0,0,0,-,4,2/3,2,0,0,0,1,2,2
이건욱,64861,2017,SK,33.75,2,0,0,0,0,0,0,-,11,1 1/3,4,1,3,0,1,5,5
이건욱,64861,2020,SK,5.68,27,0,0,6,12,0,0,0.333,542,122,105,11,81,6,91,77,77
이건욱,64861,2021,SSG,11.37,5,0,0,0,1,0,0,0.000,72,12 2/3,16,4,19,1,5,16,16
이건욱,64861,2022,SSG,9.00,1,0,0,0,1,0,0,0.000,14,3,2,1,4,0,2,3,3
이건욱,64861,2023,SSG,2.09,27,0,0,1,0,0,0,1.000,169,38 2/3,31,0,25,2,31,13,9
서동민,64896,2020,SK,5.40,9,0,0,0,0,0,0,-,38,8 1/3,10,2,4,0,7,5,5
서동민,64896,2021,SSG,5.13,20,0,0,0,0,0,0,-,118,26 1/3,27,5,17,1,24,15,15
서동민,64896,2022,SSG,2.57,20,0,0,1,1,0,5,0.500,86,21,13,3,11,1,19,11,6
서동민,64896,2023,SSG,0.00,2,0,0,0,0,0,0,-,6,1,0,0,3,0,1,0,0
강장산,64907,2015,NC,5.61,20,0,0,0,0,0,0,-,121,25 2/3,27,3,15,3,9,17,16
강장산,64907,2016,NC,11.57,3,0,0,0,1,0,0,0.000,12,2 1/3,3,2,3,0,1,3,3
강장산,64907,2017,KT,5.47,17,0,0,0,0,0,0,-,121,26 1/3,27,3,15,4,16,17,16
김학성,64960,2016,NC,14.54,4,0,0,0,0,0,0,-,27,4 1/3,11,0,3,1,0,7,7
웨버,64956,2014,NC,4.58,24,1,0,9,6,0,0,0.600,512,118,132,13,42,3,85,66,60
배재환,64995,2015,NC,18.00,1,0,0,0,0,0,0,-,7,1,1,0,3,0,2,2,2
배재환,64995,2016,NC,4.09,11,0,0,1,1,0,0,0.500,90,22,17,1,9,0,15,11,10
배재환,64995,2017,NC,9.00,3,0,0,0,1,0,0,0.000,41,8,13,4,6,0,4,8,8
배재환,64995,2018,NC,4.50,31,0,0,3,3,1,2,0.500,169,36,37,6,25,1,34,18,18
배재환,64995,2019,NC,3.81,62,0,0,3,5,0,20,0.375,247,54 1/3,49,3,31,7,61,26,23
배재환,64995,2020,NC,3.98,53,0,0,1,3,0,12,0.250,209,43,38,4,35,9,33,22,19
어윈,65036,2015,KT,8.68,12,0,0,1,7,0,0,0.125,271,56,90,10,21,2,41,57,54
홍성무,65042,2015,KT,4.82,23,0,0,0,1,0,0,0.000,121,28,31,5,9,1,22,15,15
홍성무,65042,2016,KT,4.00,8,0,0,0,0,0,0,-,40,9,11,2,1,0,12,6,4
홍성무,65042,2017,KT,12.79,7,0,0,0,1,0,0,0.000,35,6 1/3,11,1,6,0,4,9,9
홍성무,65042,2019,NC,6.28,15,0,0,0,0,0,0,-,71,14 1/3,16,3,11,1,10,10,10
홍성무,65042,2020,NC,12.60,11,0,0,0,0,1,0,-,82,15,21,3,13,1,12,22,21
김민수,65048,2015,KT,5.79,15,0,0,0,1,0,1,0.000,115,23 1/3,30,1,13,1,18,18,15
김민수,65048,2016,KT,6.75,7,0,0,0,0,1,0,-,41,8,14,1,3,0,6,6,6
김민수,65048,2018,KT,9.00,2,0,0,0,0,0,0,-,4,1,1,0,1,0,1,1,1
김민수,65048,2019,KT,4.96,28,0,0,8,5,2,1,0.615,354,81 2/3,87,10,30,2,56,46,45
김민수,65048,2020,KT,6.10,33,0,0,3,8,0,0,0.273,482,103 1/3,151,14,30,4,63,80,70
김민수,65048,2021,KT,2.95,56,0,0,4,2,0,11,0.667,253,58,56,2,24,3,55,25,19
김민수,65048,2022,KT,1.90,76,0,0,5,4,3,30,0.556,327,80 2/3,66,3,15,6,91,19,17
김민수,65048,2023,KT,6.92,14,0,0,0,1,0,3,0.000,58,13,17,1,5,0,4,10,10
엄상백,65056,2015,KT,6.66,28,0,0,5,6,0,0,0.455,465,100,127,15,50,10,78,77,74
엄상백,65056,2016,KT,6.75,52,0,0,1,5,1,8,0.167,345,73 1/3,93,8,40,4,57,61,55
엄상백,65056,2017,KT,4.15,52,0,0,1,3,0,8,0.250,229,52,48,3,22,4,39,28,24
엄상백,65056,2018,KT,5.44,55,0,0,1,8,2,12,0.111,211,46 1/3,51,4,17,8,44,33,28
엄상백,65056,2019,KT,8.04,26,0,0,2,3,0,0,0.400,154,31 1/3,40,6,24,0,20,29,28
엄상백,65056,2021,KT,4.10,10,0,0,4,1,0,0,0.800,228,52 2/3,41,7,28,3,45,24,24
엄상백,65056,2022,KT,2.95,33,0,0,11,2,0,0,0.846,581,140 1/3,125,14,46,4,139,52,46
엄상백,65056,2023,KT,3.63,20,0,0,7,6,0,0,0.538,454,111 2/3,100,6,29,2,89,46,45
김재윤,65062,2015,KT,4.23,42,0,0,1,2,0,6,0.333,188,44 2/3,46,3,12,1,70,23,21
김재윤,65062,2016,KT,4.97,52,0,0,8,1,14,1,0.889,235,54 1/3,61,6,15,1,73,31,30
김재윤,65062,2017,KT,5.79,41,0,0,3,5,15,0,0.375,161,37 1/3,41,1,11,1,31,25,24
김재윤,65062,2018,KT,4.57,62,0,0,7,5,15,0,0.583,271,61,76,11,15,1,66,34,31
김재윤,65062,2019,KT,2.27,43,0,0,2,2,7,9,0.500,177,47 2/3,27,4,12,1,42,13,12
김재윤,65062,2020,KT,3.26,56,0,0,5,3,21,1,0.625,256,60 2/3,62,7,15,0,58,23,22
김재윤,65062,2021,KT,2.42,65,0,0,4,3,32,0,0.571,275,67,57,5,24,0,64,19,18
김재윤,65062,2022,KT,3.26,61,0,0,9,7,33,0,0.563,267,66 1/3,46,5,21,0,78,26,24
김재윤,65062,2023,KT,2.60,59,0,0,5,5,32,0,0.500,262,65 2/3,54,2,13,1,60,21,19
정성곤,65058,2015,KT,8.53,20,0,0,2,6,0,0,0.250,300,58,81,12,51,1,41,58,55
정성곤,65058,2016,KT,5.83,28,0,0,0,7,0,0,0.000,304,66 1/3,72,4,33,6,46,52,43
정성곤,65058,2017,KT,8.11,26,0,0,3,12,0,0,0.200,511,107 2/3,151,20,41,6,72,99,97
정성곤,65058,2018,KT,2.96,24,0,0,1,0,0,5,1.000,104,24 1/3,23,3,11,0,23,8,8
정성곤,65058,2019,KT,5.53,52,0,0,3,3,8,11,0.500,248,53 2/3,64,7,22,2,40,36,33
정성곤,65058,2022,SSG,10.13,2,0,0,0,0,0,0,-,13,2 2/3,1,1,3,1,3,3,3
정성곤,65058,2023,SSG,10.38,6,0,0,0,0,0,0,-,29,4 1/3,8,2,7,0,3,9,5
이창재,65057,2015,KT,6.82,38,0,0,0,1,0,3,0.000,151,33,38,8,12,2,32,30,25
이창재,65057,2016,KT,5.13,47,0,0,3,1,1,2,0.750,182,40 1/3,48,6,15,2,38,24,23
이창재,65057,2020,KT,5.63,10,0,0,0,0,0,1,-,38,8,10,0,4,0,7,6,5
이창재,65057,2021,KT,2.70,32,0,0,2,0,0,0,1.000,108,26 2/3,22,0,10,0,19,8,8
이창재,65057,2022,KT,33.75,4,0,0,0,1,0,0,0.000,12,1 1/3,5,0,2,1,2,5,5
주권,65060,2015,KT,8.51,15,0,0,0,2,0,0,0.000,123,24 1/3,43,6,9,2,13,26,23
주권,65060,2016,KT,5.10,28,1,1,6,8,0,0,0.429,594,134,162,14,44,5,63,80,76
주권,65060,2017,KT,6.61,39,0,0,5,6,1,3,0.455,379,81 2/3,101,15,31,6,47,64,60
주권,65060,2018,KT,8.39,46,0,0,3,9,0,4,0.250,407,88,118,16,27,7,54,85,82
주권,65060,2019,KT,2.99,71,0,0,6,2,2,25,0.750,296,75 1/3,64,7,14,2,47,25,25
주권,65060,2020,KT,2.70,77,0,0,6,2,0,31,0.750,294,70,54,6,32,1,37,25,21
주권,65060,2021,KT,3.31,62,0,0,3,4,0,27,0.429,208,49,48,3,19,1,19,19,18
주권,65060,2022,KT,3.91,58,0,0,3,3,1,15,0.500,203,50 2/3,58,3,8,0,31,22,22
주권,65060,2023,KT,4.40,42,0,0,1,2,0,5,0.333,205,47,49,4,19,2,17,23,23
조무근,65067,2015,KT,1.88,43,0,0,8,5,4,2,0.615,298,71 2/3,54,3,32,4,83,26,15
조무근,65067,2016,KT,8.61,38,0,0,2,0,0,4,1.000,196,38 2/3,59,5,27,3,31,37,37
조무근,65067,2017,KT,7.36,16,0,0,0,0,0,3,-,70,14 2/3,21,2,3,1,9,13,12
조무근,65067,2018,롯데,13.50,2,0,0,1,0,0,0,1.000,6,2/3,2,0,1,2,1,1,1
조무근,65067,2019,롯데,1.86,8,0,0,0,0,0,0,-,43,9 2/3,6,0,5,3,5,2,2
조무근,65067,2022,롯데,4.50,2,0,0,0,0,0,0,-,9,2,2,0,1,0,1,1,1
윤수호,65064,2017,NC,5.36,40,0,0,2,1,0,1,0.667,213,47,41,3,30,4,42,31,28
윤수호,65064,2018,두산,9.24,17,0,0,0,1,0,0,0.000,127,25 1/3,33,4,17,1,19,31,26
이상규,65117,2019,LG,0.00,1,0,0,0,0,0,0,-,3,1/3,0,0,1,1,0,0,0
이상규,65117,2020,LG,6.68,28,0,0,2,3,4,1,0.400,152,31,45,4,21,1,18,23,23
이상규,65117,2021,LG,9.00,7,0,0,0,0,0,0,-,29,6,8,1,2,1,4,6,6
이상규,65117,2023,LG,2.35,8,0,0,0,0,0,0,-,34,7 2/3,7,0,5,0,6,2,2
백승현,65109,2021,LG,2.16,16,0,0,0,0,0,1,-,66,16 2/3,13,0,4,2,10,4,4
백승현,65109,2022,LG,10.80,12,0,0,0,1,0,1,0.000,52,10,15,2,9,0,3,13,12
백승현,65109,2023,LG,1.58,42,0,0,2,0,3,11,1.000,162,40,28,2,18,0,30,7,7
루카스,65137,2015,LG,4.93,33,0,0,10,11,0,1,0.476,785,171 2/3,175,11,108,14,151,103,94
박성민,65206,2016,두산,5.40,4,0,0,0,0,0,0,-,15,3 1/3,5,1,2,0,3,2,2
스와잭,65219,2015,두산,5.26,20,0,0,5,7,0,1,0.417,414,92 1/3,110,9,30,4,72,57,54
채지선,65241,2020,두산,4.91,37,0,0,1,0,0,2,1.000,158,33,34,3,24,5,34,18,18
채지선,65241,2021,LG,3.12,14,0,0,0,0,0,0,-,87,17 1/3,15,0,20,0,18,8,6
채지선,65241,2022,LG,0.00,3,0,0,0,0,0,1,-,10,3,1,0,0,1,2,0,0
채지선,65241,2023,NC,8.10,3,0,0,0,0,0,0,-,17,3 1/3,4,0,4,0,2,3,3
남경호,65264,2015,두산,6.00,5,0,0,0,0,0,0,-,40,9,5,2,7,1,10,7,6
김해수,65345,2017,넥센,9.00,1,0,0,0,0,0,0,-,7,1,1,0,1,2,1,1,1
김택형,65343,2015,넥센,7.91,37,0,0,4,4,0,2,0.500,293,58,79,7,42,6,55,58,51
김택형,65343,2016,넥센,7.62,32,0,0,2,2,0,7,0.500,135,28 1/3,41,6,11,0,35,26,24
김택형,65343,2018,SK,7.71,14,0,0,1,2,0,2,0.333,52,11 2/3,9,1,10,0,11,10,10
김택형,65343,2019,SK,5.79,26,0,0,2,1,0,2,0.667,115,23 1/3,20,1,24,2,27,16,15
김택형,65343,2020,SK,8.61,31,0,0,1,3,0,3,0.250,114,23,26,5,20,0,22,26,22
김택형,65343,2021,SSG,2.39,59,0,0,5,1,7,4,0.833,316,75 1/3,61,3,42,3,62,23,20
김택형,65343,2022,SSG,4.92,64,0,0,3,5,17,10,0.375,261,60 1/3,57,8,22,3,62,33,33
피어밴드,65331,2015,넥센,4.67,30,0,0,13,11,0,0,0.542,774,177 1/3,202,23,61,12,137,101,92
피어밴드,65331,2016,KT,4.45,31,0,0,7,13,0,0,0.350,803,182,231,23,48,10,144,97,90
피어밴드,65331,2017,KT,3.04,26,1,1,8,10,0,0,0.444,657,160,153,20,31,7,132,67,54
피어밴드,65331,2018,KT,4.30,27,1,0,8,8,0,0,0.500,707,163 1/3,186,24,38,6,141,90,78
정용준,65368,2016,넥센,4.00,5,0,0,0,0,0,0,-,40,9,8,1,5,0,3,5,4
최원태,65320,2016,넥센,7.23,17,0,0,2,3,0,0,0.400,293,61,89,6,23,6,42,51,49
최원태,65320,2017,넥센,4.46,25,0,0,11,7,0,0,0.611,637,149 1/3,161,19,34,12,126,76,74
최원태,65320,2018,넥센,3.95,23,1,0,13,7,0,0,0.650,577,134 1/3,144,8,35,11,101,62,59
최원태,65320,2019,키움,3.38,27,0,0,11,5,0,0,0.688,666,157 1/3,165,5,36,5,105,68,59
최원태,65320,2020,키움,5.07,21,0,0,7,6,0,0,0.538,478,110,115,16,37,7,67,68,62
최원태,65320,2021,키움,4.58,28,0,0,9,11,0,0,0.450,643,143 1/3,163,11,53,10,93,89,73
최원태,65320,2022,키움,3.75,26,0,0,7,5,0,0,0.583,446,105 2/3,93,5,40,5,63,50,44
최원태,65320,2023,LG,4.30,26,0,0,9,7,0,0,0.563,632,146 2/3,149,12,46,7,118,73,70
박주현,65348,2016,넥센,6.35,30,0,0,7,5,0,0,0.583,538,119,153,19,37,8,71,89,84
박주현,65348,2017,넥센,34.71,2,0,0,0,0,0,0,-,19,2 1/3,9,1,3,0,0,9,9
임규빈,65398,2019,키움,0.00,1,0,0,0,0,0,0,-,4,1,1,0,0,0,2,0,0
임규빈,65398,2020,키움,4.54,33,0,0,2,0,0,2,1.000,162,37 2/3,46,11,10,2,20,20,19
임규빈,65398,2021,키움,10.38,5,0,0,0,0,0,0,-,43,8 2/3,13,3,4,0,6,10,10
김정인,65392,2015,넥센,0.00,1,0,0,0,0,0,0,-,3,1,0,0,0,0,0,0,0
김정인,65392,2016,넥센,0.00,2,0,0,0,0,0,0,-,13,2,3,0,3,1,1,0,0
김정인,65392,2017,넥센,5.93,13,0,0,0,0,0,0,-,65,13 2/3,19,0,4,1,13,10,9
김정인,65392,2018,넥센,8.59,2,0,0,0,1,0,0,0.000,39,7 1/3,14,1,3,1,4,7,7
김정인,65392,2020,키움,54.00,2,0,0,0,0,0,0,-,12,1,6,0,3,0,1,6,6
김정인,65392,2021,키움,7.11,11,0,0,1,2,0,0,0.333,151,31 2/3,34,6,18,2,21,26,25
김주온,65411,2020,SK,7.55,29,0,0,0,3,0,0,0.000,160,31,46,5,22,5,18,27,26
김주온,65411,2021,SSG,0.00,2,0,0,0,0,0,0,-,10,2,1,0,2,1,3,0,0
김주온,65411,2022,SSG,11.25,5,0,0,0,0,0,0,-,20,4,3,1,5,0,4,5,5
김주온,65411,2023,SSG,81.00,1,0,0,0,0,0,0,-,5,1/3,2,0,1,1,1,3,3
클로이드,65425,2015,삼성,5.19,28,0,0,11,11,0,0,0.500,705,159 2/3,190,24,38,12,123,103,92
피가로,65444,2015,삼성,3.38,25,1,0,13,7,0,0,0.650,688,165,154,16,51,7,117,66,62
홍정우,65496,2019,삼성,10.13,7,0,0,0,0,0,0,-,34,5 1/3,10,2,4,1,2,8,6
홍정우,65496,2020,삼성,6.60,30,0,0,0,0,0,1,-,139,30,37,5,12,1,29,23,22
홍정우,65496,2021,삼성,3.45,15,0,0,2,0,0,0,1.000,64,15 2/3,14,3,4,0,12,6,6
홍정우,65496,2022,삼성,3.04,26,0,0,5,2,0,1,0.714,111,26 2/3,19,3,13,0,20,10,9
홍정우,65496,2023,삼성,7.50,36,0,0,2,3,0,3,0.400,166,36,36,5,21,3,22,31,30
최정용,65464,2021,KIA,0.00,1,0,0,0,0,0,0,-,2,1/3,1,0,0,0,0,0,0
강태율,65514,2021,롯데,0.00,1,0,0,0,0,0,0,-,3,1/3,2,0,0,0,0,0,0
차재용,65509,2015,롯데,0.00,2,0,0,0,0,0,0,-,6,1 1/3,0,0,1,0,0,2,0
차재용,65509,2016,롯데,20.25,2,0,0,0,0,0,0,-,14,2 2/3,3,1,4,0,0,6,6
차재용,65509,2017,롯데,0.00,3,0,0,0,0,0,0,-,8,2 1/3,1,0,0,0,2,0,0
차재용,65509,2019,롯데,3.72,9,0,0,0,0,0,0,-,47,9 2/3,9,0,8,0,7,6,4
차재용,65509,2020,키움,0.00,1,0,0,0,0,0,0,-,3,1,0,0,0,0,0,0,0
배제성,65516,2017,KT,8.72,21,0,0,0,0,0,0,-,162,32,46,4,23,2,21,32,31
배제성,65516,2018,KT,0.00,3,0,0,0,0,0,0,-,17,4,3,0,1,0,2,1,0
배제성,65516,2019,KT,3.76,28,1,1,10,10,0,0,0.500,564,131 2/3,132,6,56,3,91,58,55
배제성,65516,2020,KT,3.95,26,0,0,10,7,0,0,0.588,619,141 1/3,130,12,76,4,83,67,62
배제성,65516,2021,KT,3.68,26,0,0,9,10,0,0,0.474,621,141 2/3,126,6,82,1,136,67,58
배제성,65516,2022,KT,4.21,24,0,0,3,9,0,0,0.250,458,107,103,8,46,1,89,56,50
배제성,65516,2023,KT,4.49,26,0,0,8,10,0,0,0.444,596,130 1/3,144,6,77,2,79,72,65
김강현,65522,2023,롯데,3.00,2,0,0,0,0,0,0,-,13,3,1,0,2,1,0,1,1
레일리,65546,2015,롯데,3.91,31,1,0,11,9,0,0,0.550,768,179 1/3,182,20,57,15,134,93,78
레일리,65546,2016,롯데,4.34,31,1,1,8,10,0,0,0.444,808,184 2/3,207,21,51,17,147,105,89
레일리,65546,2017,롯데,3.80,30,1,0,13,7,0,0,0.650,798,187 1/3,199,19,44,17,156,87,79
레일리,65546,2018,롯데,4.74,30,0,0,11,13,0,0,0.458,775,178 1/3,180,24,54,18,178,106,94
레일리,65546,2019,롯데,3.88,30,0,0,5,14,0,0,0.263,791,181,191,10,65,8,140,88,78
린드블럼,65543,2015,롯데,3.56,32,2,1,13,11,0,0,0.542,861,210,196,28,52,12,180,86,83
린드블럼,65543,2016,롯데,5.28,30,1,0,10,13,0,0,0.435,791,177 1/3,197,28,77,9,148,109,104
린드블럼,65543,2017,롯데,3.72,12,0,0,5,3,0,0,0.625,296,72 2/3,66,10,18,2,76,31,30
린드블럼,65543,2018,두산,2.88,26,0,0,15,4,0,0,0.789,681,168 2/3,142,16,38,8,157,56,54
린드블럼,65543,2019,두산,2.50,30,0,0,20,3,0,0,0.870,773,194 2/3,165,13,29,6,189,57,54
황인준,65618,2018,KIA,4.96,37,0,0,3,1,0,1,0.750,229,52 2/3,58,9,12,6,35,31,29
황인준,65618,2019,KIA,6.35,5,0,0,0,0,0,0,-,53,11 1/3,14,2,5,0,11,8,8
황인준,65618,2020,KIA,4.50,3,0,0,0,0,0,0,-,18,4,6,1,2,0,1,2,2
이민우,65616,2017,KIA,2.84,4,0,0,1,1,0,0,0.500,53,12 2/3,14,2,0,1,9,4,4
이민우,65616,2018,KIA,7.17,30,0,0,2,3,0,4,0.400,188,37 2/3,52,4,23,5,28,34,30
이민우,65616,2019,KIA,5.43,32,0,0,2,6,1,2,0.250,283,61 1/3,74,4,26,4,56,42,37
이민우,65616,2020,KIA,6.79,22,0,0,6,10,0,0,0.375,486,106,129,11,47,6,67,87,80
이민우,65616,2021,KIA,8.05,16,1,0,1,6,0,0,0.143,275,57,78,8,31,5,28,53,51
이민우,65616,2022,한화,6.25,25,0,0,1,1,0,0,0.500,206,44 2/3,60,3,17,3,23,33,31
이민우,65616,2023,한화,2.63,17,0,0,2,1,0,2,0.667,57,13 2/3,8,2,6,0,11,6,4
스틴슨,65658,2015,KIA,4.96,32,0,0,11,10,0,0,0.524,756,167,190,15,64,14,93,100,92
험버,65659,2015,KIA,6.75,12,0,0,3,3,0,0,0.500,244,50 2/3,62,11,32,5,35,38,38
에반,65630,2015,KIA,4.44,16,0,0,4,0,0,4,1.000,115,26 1/3,30,0,13,1,25,15,13
문경찬,65643,2015,KIA,9.76,8,0,0,1,3,0,0,0.250,133,27 2/3,44,7,10,1,15,32,30
문경찬,65643,2018,KIA,4.72,32,0,0,0,3,0,0,0.000,240,55 1/3,62,10,17,2,46,29,29
문경찬,65643,2019,KIA,1.31,54,0,0,1,2,24,0,0.333,217,55,45,2,10,0,50,9,8
문경찬,65643,2020,NC,5.02,56,0,0,0,5,10,11,0.000,225,52,51,11,15,2,44,35,29
문경찬,65643,2021,NC,4.94,35,0,0,0,1,0,4,0.000,142,31,25,6,20,0,25,20,17
문경찬,65643,2022,롯데,5.80,38,0,0,1,2,0,1,0.333,184,40 1/3,51,7,13,1,31,27,26
문경찬,65643,2023,롯데,27.00,2,0,0,0,1,0,0,0.000,12,2,6,3,0,0,2,6,6
박정수,65639,2015,KIA,5.53,19,0,0,0,3,0,0,0.000,197,42 1/3,47,4,19,6,25,31,26
박정수,65639,2018,KIA,11.48,11,0,0,0,0,0,0,-,66,13 1/3,17,2,5,3,16,18,17
박정수,65639,2019,KIA,12.60,3,0,0,0,0,0,0,-,27,5,10,0,4,1,2,7,7
박정수,65639,2020,NC,4.64,22,0,0,1,1,0,2,0.500,144,33,25,4,24,6,29,17,17
박정수,65639,2021,두산,7.42,12,0,0,3,3,0,0,0.500,143,30 1/3,38,5,14,3,26,27,25
박정수,65639,2022,두산,3.20,13,0,0,1,1,0,0,0.500,83,19 2/3,17,1,9,1,18,7,7
박정수,65639,2023,두산,4.17,25,0,0,1,0,1,0,1.000,165,36 2/3,37,1,18,6,28,22,17
이종석,65661,2015,KIA,15.75,2,0,0,0,0,0,0,-,24,4,10,2,2,0,3,8,7
이준영,65665,2016,KIA,8.66,13,0,0,0,2,0,1,0.000,87,17 2/3,22,4,11,0,7,17,17
이준영,65665,2019,KIA,6.35,37,0,0,1,0,0,1,1.000,244,51,64,3,26,2,43,42,36
이준영,65665,2020,KIA,5.32,48,0,0,0,2,0,13,0.000,113,23 2/3,31,1,13,0,22,14,14
이준영,65665,2021,KIA,5.55,50,0,0,3,2,1,9,0.600,159,35 2/3,30,3,19,0,26,25,22
이준영,65665,2022,KIA,2.91,75,0,0,1,1,1,17,0.500,202,46 1/3,41,3,26,0,42,17,15
이준영,65665,2023,KIA,3.21,64,0,0,1,0,0,10,1.000,149,33 2/3,26,0,23,2,30,12,12
이도윤,65703,2022,한화,20.25,2,0,0,0,0,0,0,-,8,1 1/3,4,0,0,0,0,3,3
김명찬,65696,2015,KIA,0.00,3,0,0,0,0,0,0,-,16,4,4,0,1,1,2,0,0
김명찬,65696,2016,KIA,4.85,11,0,0,0,0,0,1,-,59,13,17,1,4,1,10,7,7
김명찬,65696,2017,KIA,3.60,6,0,0,0,0,0,1,-,22,5,5,0,2,0,2,2,2
김명찬,65696,2020,KIA,6.23,21,0,0,0,1,0,1,0.000,54,8 2/3,13,2,12,2,11,7,6
주현상,65707,2021,한화,3.58,43,0,0,2,2,0,4,0.500,218,50 1/3,46,6,21,1,33,21,20
주현상,65707,2022,한화,6.83,49,0,0,0,1,1,3,0.000,247,55 1/3,69,5,14,5,33,43,42
주현상,65707,2023,한화,1.96,55,0,0,2,2,0,12,0.500,228,59 2/3,35,2,15,3,45,13,13
김민우,65764,2015,한화,5.14,36,0,0,1,3,0,0,0.250,314,70,67,5,38,10,50,41,40
김민우,65764,2016,한화,15.83,5,0,0,0,3,0,0,0.000,56,9 2/3,21,2,8,0,7,18,17
김민우,65764,2017,한화,17.18,4,0,0,0,0,0,0,-,49,7 1/3,20,1,6,3,5,15,14
김민우,65764,2018,한화,6.52,23,0,0,5,9,0,0,0.357,468,99 1/3,133,19,41,8,73,79,72
김민우,65764,2019,한화,6.75,16,1,0,2,7,0,0,0.222,316,68,80,6,30,6,46,59,51
김민우,65764,2020,한화,4.34,26,0,0,5,10,0,0,0.333,593,132 2/3,121,15,72,7,124,72,64
김민우,65764,2021,한화,4.00,29,0,0,14,10,0,0,0.583,662,155 1/3,131,15,76,7,125,71,69
김민우,65764,2022,한화,4.36,29,1,0,6,11,0,0,0.353,711,163,143,16,84,8,129,82,79
김민우,65764,2023,한화,6.97,12,0,0,1,6,0,0,0.143,243,51 2/3,65,6,28,2,43,43,40
로저스,65742,2015,한화,2.97,10,4,3,6,2,0,0,0.750,296,75 2/3,62,2,20,4,60,26,25
로저스,65742,2016,한화,4.30,6,1,0,2,3,0,0,0.400,160,37 2/3,42,3,12,2,24,22,18
로저스,65742,2018,넥센,3.80,13,1,0,5,4,0,0,0.556,345,83,89,7,16,5,65,40,35
김범수,65769,2015,한화,7.36,15,0,0,0,2,0,0,0.000,72,14 2/3,10,0,20,1,10,12,12
김범수,65769,2016,한화,9.53,5,0,0,1,0,0,0,1.000,30,5 2/3,6,1,6,1,5,6,6
김범수,65769,2017,한화,8.71,15,0,0,0,4,0,0,0.000,158,31,43,7,24,3,16,30,30
김범수,65769,2018,한화,5.77,55,0,0,4,4,0,7,0.500,223,48 1/3,52,7,29,1,54,33,31
김범수,65769,2019,한화,5.68,45,0,0,5,9,1,1,0.357,485,103,115,15,61,10,85,70,65
김범수,65769,2020,한화,5.24,24,0,0,3,6,0,0,0.333,259,55,55,9,42,3,55,34,32
김범수,65769,2021,한화,5.22,56,0,0,4,9,1,9,0.308,319,70 2/3,68,2,42,2,70,44,41
김범수,65769,2022,한화,4.36,78,0,0,3,7,0,27,0.300,289,66,64,5,35,3,58,36,32
김범수,65769,2023,한화,4.19,76,0,0,5,5,1,18,0.500,283,62 1/3,64,3,33,3,52,33,29
봉민호,65802,2018,SK,6.75,1,0,0,0,0,0,0,-,5,1 1/3,1,1,0,0,2,1,1
조한욱,65827,2016,SK,0.00,2,0,0,0,0,0,0,-,12,2 1/3,1,0,4,0,2,0,0
조한욱,65827,2019,KT,3.38,2,0,0,0,0,0,0,-,12,2 2/3,4,0,1,0,0,1,1
켈리,65856,2015,SK,4.13,30,1,0,11,10,0,0,0.524,775,181,188,16,54,5,139,87,83
켈리,65856,2016,SK,3.68,31,0,0,9,8,0,0,0.529,846,200 1/3,205,15,60,7,152,91,82
켈리,65856,2017,SK,3.60,30,0,0,16,7,0,0,0.696,815,190,204,16,45,11,189,85,76
켈리,65856,2018,SK,4.09,28,0,0,12,7,0,0,0.632,674,158 1/3,152,18,47,13,161,78,72
박세웅,65844,2021,삼성,9.00,4,0,0,0,0,0,0,-,18,3,5,1,3,1,2,4,3
박세웅,65844,2022,삼성,6.75,5,0,0,0,0,0,0,-,14,2 2/3,1,0,5,1,2,2,2
박세웅,65844,2023,삼성,27.00,2,0,0,0,0,0,0,-,6,2/3,1,1,3,0,1,2,2
스튜어트,65931,2015,NC,2.68,19,0,0,8,2,0,0,0.800,488,117 2/3,116,7,26,6,109,37,35
스튜어트,65931,2016,NC,4.56,27,0,0,12,8,0,0,0.600,653,150,160,11,55,8,118,79,76
구창모,65933,2016,NC,4.19,39,0,0,4,1,0,1,0.800,296,68 2/3,61,9,37,2,67,32,32
구창모,65933,2017,NC,5.32,31,0,0,7,10,0,0,0.412,524,115,138,18,50,5,118,80,68
구창모,65933,2018,NC,5.35,36,0,0,5,11,0,1,0.313,598,133,158,21,52,7,116,83,79
구창모,65933,2019,NC,3.20,23,0,0,10,7,0,1,0.588,449,107,85,10,41,6,114,40,38
구창모,65933,2020,NC,1.74,15,0,0,9,0,0,1,1.000,348,93 1/3,58,7,18,0,102,20,18
구창모,65933,2022,NC,2.10,19,0,0,11,5,0,0,0.688,451,111 2/3,92,7,29,4,108,32,26
구창모,65933,2023,NC,2.96,11,0,0,1,3,0,0,0.250,205,51 2/3,38,4,16,0,56,19,17
류진욱,65949,2020,NC,6.00,3,0,0,0,0,0,0,-,14,3,4,1,1,0,3,2,2
류진욱,65949,2021,NC,2.08,44,0,0,1,0,1,7,1.000,190,43 1/3,40,2,22,0,31,15,10
류진욱,65949,2022,NC,4.86,51,0,0,4,2,0,4,0.667,214,46 1/3,48,2,31,4,37,29,25
류진욱,65949,2023,NC,2.15,70,0,0,1,4,0,22,0.200,268,67,41,1,32,1,62,19,16
이호중,65937,2020,NC,6.23,4,0,0,0,0,0,0,-,23,4 1/3,7,1,2,1,3,3,3
류재인,65908,2017,NC,0.00,1,0,0,0,0,0,0,-,3,2/3,1,0,0,0,0,0,0
류재인,65908,2018,NC,16.20,1,0,0,0,0,0,0,-,11,1 2/3,1,1,2,3,2,3,3
이우석,65964,2018,NC,0.00,1,0,0,0,0,0,0,-,2,1/3,0,0,1,0,1,0,0
이우석,65964,2019,NC,10.13,6,0,0,0,0,0,1,-,26,5 1/3,7,0,5,0,4,6,6
이우석,65964,2021,NC,5.59,10,0,0,1,0,0,0,1.000,49,9 2/3,13,1,7,3,8,6,6
이우석,65964,2022,NC,21.60,3,0,0,0,1,0,0,0.000,11,1 2/3,1,0,3,2,1,4,4
이우석,65964,2023,NC,0.00,1,0,0,0,0,0,0,-,2,2/3,0,0,1,0,0,0,0
김선기,66018,2018,넥센,7.94,21,0,0,0,1,0,1,0.000,120,22 2/3,34,5,16,0,21,22,20
김선기,66018,2019,키움,4.18,7,0,0,3,1,0,0,0.750,122,28,27,2,9,4,17,13,13
김선기,66018,2020,키움,2.05,25,0,0,0,0,0,3,-,92,22,17,1,8,4,11,8,5
김선기,66018,2021,키움,6.52,21,0,0,3,2,0,0,0.600,224,48 1/3,53,5,22,7,25,38,35
김선기,66018,2022,키움,5.15,26,0,0,3,1,1,4,0.750,167,36 2/3,39,1,19,2,30,24,21
김선기,66018,2023,키움,5.98,17,0,0,1,3,1,0,0.250,200,43 2/3,56,2,15,1,29,37,29
박세진,66047,2016,KT,5.14,7,0,0,0,2,0,0,0.000,94,21,24,5,13,0,8,13,12
박세진,66047,2017,KT,9.53,4,0,0,0,2,0,0,0.000,56,11 1/3,16,0,6,2,8,12,12
박세진,66047,2018,KT,10.68,8,0,0,1,5,0,0,0.167,156,30 1/3,47,10,19,2,24,37,36
박세진,66047,2020,KT,108.00,1,0,0,0,0,0,0,-,5,1/3,2,0,1,1,0,4,4
박세진,66047,2023,KT,3.86,16,0,0,0,1,0,1,0.000,66,11 2/3,15,1,14,0,10,8,5
피노,66032,2016,KT,7.15,12,0,0,2,3,0,1,0.400,191,39,62,4,15,4,23,36,31
한승지,66039,2020,KT,-,1,0,0,0,0,0,0,-,6,0,4,0,1,1,0,4,4
로위,66050,2016,KT,6.30,14,0,0,3,6,0,0,0.333,295,60,74,6,39,5,68,46,42
김태오,66064,2018,KT,6.00,8,0,0,1,2,0,0,0.333,102,21,32,4,9,2,14,16,14
김태오,66064,2019,KT,6.00,4,0,0,0,0,0,0,-,21,3,7,0,3,1,0,3,2
김태오,66064,2022,KT,4.15,5,0,0,0,0,0,0,-,22,4 1/3,9,0,0,0,5,2,2
김태오,66064,2023,KT,7.36,5,0,0,0,0,0,0,-,35,7 1/3,10,0,4,0,3,6,6
마리몬,66049,2016,KT,5.23,12,0,0,6,4,0,0,0.600,275,62,60,3,29,6,45,38,36
서의태,66068,2018,넥센,54.00,1,0,0,0,0,0,0,-,6,2/3,1,0,2,1,1,4,4
김도영,66098,2017,KT,0.00,1,0,0,0,0,0,0,-,4,1,1,0,0,0,0,0,0
김대현,66145,2016,LG,5.40,1,0,0,0,0,0,0,-,10,1 2/3,3,0,0,1,0,2,1
김대현,66145,2017,LG,5.36,26,0,0,5,7,0,0,0.417,397,94,95,13,32,6,49,59,56
김대현,66145,2018,LG,7.54,25,0,0,2,10,0,0,0.167,496,105,145,15,48,9,64,95,88
김대현,66145,2019,LG,3.78,41,0,0,5,4,0,9,0.556,285,66 2/3,63,2,27,4,40,31,28
김대현,66145,2020,LG,5.85,33,0,0,4,0,0,3,1.000,158,32 1/3,37,6,23,1,28,24,21
김대현,66145,2021,LG,12.27,4,0,0,0,0,0,0,-,23,3 2/3,7,2,3,1,4,8,5
김대현,66145,2023,LG,10.80,5,0,0,0,0,0,0,-,22,3 1/3,8,1,2,1,3,5,4
허프,66138,2016,LG,3.13,13,0,0,7,2,0,1,0.778,299,74 2/3,72,2,9,1,46,34,26
허프,66138,2017,LG,2.38,19,2,0,6,4,0,0,0.600,490,124 2/3,100,7,14,2,98,37,33
코프랜드,66154,2016,LG,5.54,13,0,0,2,3,0,0,0.400,314,63 1/3,71,8,42,7,34,53,39
유재유,66160,2016,LG,13.50,7,0,0,0,1,0,0,0.000,36,6 2/3,10,2,7,0,3,10,10
유재유,66160,2017,LG,3.60,3,0,0,0,0,0,0,-,25,5,6,0,4,0,1,2,2
유재유,66160,2018,두산,7.11,5,0,0,0,1,0,0,0.000,34,6 1/3,11,1,3,3,5,5,5
유재유,66160,2021,두산,10.80,4,0,0,0,0,0,0,-,19,3 1/3,4,2,5,0,1,4,4
고봉재,66201,2016,두산,6.17,25,0,0,3,0,0,0,1.000,101,23 1/3,32,1,2,3,18,17,16
고봉재,66201,2017,두산,0.00,1,0,0,0,0,0,0,-,5,1,2,0,1,0,0,0,0
고봉재,66201,2021,두산,27.00,1,0,0,0,0,0,0,-,8,1 1/3,5,1,0,0,0,4,4
고봉재,66201,2023,두산,6.35,10,0,0,0,0,0,0,-,53,11 1/3,12,0,7,1,7,8,8
보우덴,66226,2016,두산,3.80,30,1,1,18,7,0,0,0.720,742,180,159,17,54,6,160,83,76
보우덴,66226,2017,두산,4.64,17,0,0,3,5,0,0,0.375,389,87 1/3,90,15,38,6,51,47,45
이영하,66291,2017,두산,5.55,20,0,0,3,3,0,0,0.500,160,35 2/3,43,8,16,3,26,22,22
이영하,66291,2018,두산,5.28,40,0,0,10,3,0,2,0.769,555,122 2/3,140,15,54,9,90,75,72
이영하,66291,2019,두산,3.64,29,1,0,17,4,0,0,0.810,692,163 1/3,148,5,61,10,90,70,66
이영하,66291,2020,두산,4.64,42,0,0,5,11,6,0,0.313,605,132,148,9,66,5,85,78,68
이영하,66291,2021,두산,6.29,35,0,0,5,6,1,2,0.455,364,78 2/3,81,9,57,1,53,58,55
이영하,66291,2022,두산,4.93,21,0,0,6,8,0,0,0.429,462,98 2/3,109,5,57,6,83,65,54
이영하,66291,2023,두산,5.49,36,0,0,5,3,0,4,0.625,184,39 1/3,40,2,21,4,28,27,24
박승주,66305,2017,넥센,3.00,1,0,0,0,0,1,0,-,12,3,0,0,3,1,0,1,1
박승주,66305,2020,키움,19.64,5,0,0,0,1,0,0,0.000,25,3 2/3,10,0,5,0,3,8,8
박승주,66305,2021,키움,4.15,3,0,0,0,0,0,0,-,18,4 1/3,3,0,3,0,1,2,2
박승주,66305,2022,키움,4.32,27,0,0,1,0,0,0,1.000,116,25,20,3,21,3,22,12,12
박승주,66305,2023,키움,3.50,18,0,0,0,3,0,0,0.000,91,18,19,2,13,2,15,11,7
김홍빈,66309,2017,넥센,7.36,3,0,0,0,0,0,0,-,38,7 1/3,15,0,1,3,4,7,6
코엘로,66323,2016,넥센,3.77,12,0,0,6,5,0,0,0.545,271,62,50,6,42,2,46,29,26
유재훈,66359,2016,넥센,0.00,1,0,0,0,0,0,0,-,3,1/3,0,0,2,0,1,0,0
맥그레거,66324,2016,넥센,5.20,14,0,0,6,3,0,0,0.667,385,90,108,13,20,2,61,56,52
웹스터,66402,2016,삼성,5.70,12,0,0,4,4,0,0,0.500,325,71,72,10,47,3,59,48,45
플란데,66423,2016,삼성,7.60,13,0,0,2,6,0,0,0.250,330,68 2/3,92,13,33,1,56,66,58
이케빈,66444,2019,SK,3.00,1,0,0,0,0,0,0,-,14,3,2,0,3,0,3,1,1
벨레스터,66440,2016,삼성,8.03,3,0,0,0,3,0,0,0.000,66,12 1/3,20,1,12,0,5,14,11
레온,66446,2016,삼성,11.25,2,0,0,0,1,0,0,0.000,40,8,16,2,1,1,7,10,10
최충연,66451,2016,삼성,12.91,3,0,0,0,2,0,0,0.000,45,7 2/3,11,2,11,0,6,11,11
최충연,66451,2017,삼성,7.61,42,0,0,3,8,0,3,0.273,416,84,110,12,48,9,74,71,71
최충연,66451,2018,삼성,3.60,70,0,0,2,6,8,16,0.250,344,85,73,6,26,2,101,34,34
최충연,66451,2019,삼성,7.36,34,0,0,0,2,1,4,0.000,194,36 2/3,44,2,38,3,41,36,30
최충연,66451,2022,삼성,4.70,38,0,0,0,1,0,0,0.000,177,38 1/3,39,3,20,5,29,24,20
최충연,66451,2023,삼성,4.82,7,0,0,0,0,0,0,-,47,9 1/3,10,3,7,3,8,8,5
김승현,66492,2016,삼성,0.00,2,0,0,0,0,0,0,-,7,2,1,0,0,0,1,0,0
김승현,66492,2017,삼성,5.77,41,0,0,0,3,0,0,0.000,215,43 2/3,51,7,34,6,37,31,28
김승현,66492,2018,삼성,4.45,28,0,0,1,3,0,2,0.250,158,32 1/3,48,3,15,5,29,18,16
김승현,66492,2019,삼성,6.39,14,0,0,1,1,0,0,0.500,61,12 2/3,11,0,9,1,4,12,9
김승현,66492,2022,삼성,11.25,6,0,0,0,1,0,2,0.000,24,4,6,2,4,0,5,7,5
김승현,66492,2023,KIA,4.26,10,0,0,0,0,0,0,-,57,12 2/3,11,1,10,1,7,6,6
임대한,66493,2016,삼성,5.14,26,0,0,0,1,0,0,0.000,126,28,33,2,14,2,13,18,16
임대한,66493,2017,삼성,9.00,12,0,0,0,0,0,0,-,81,14,26,3,15,0,13,17,14
임대한,66493,2022,삼성,5.27,12,0,0,2,1,0,1,0.667,65,13 2/3,12,1,9,1,8,11,8
한승혁,66557,2020,롯데,5.14,9,0,0,1,0,0,0,1.000,31,7,8,0,4,0,3,4,4
한승혁,66557,2021,롯데,13.50,7,0,0,0,0,0,0,-,25,4,6,1,5,1,5,6,6
박선우,66556,2021,롯데,0.00,1,0,0,0,0,0,0,-,9,2,1,0,0,2,1,0,0
김성재,66565,2016,롯데,7.36,6,0,0,0,0,0,0,-,16,3 2/3,5,2,2,0,3,3,3
전상현,66609,2016,KIA,8.10,8,0,0,0,2,0,1,0.000,67,13 1/3,19,3,8,0,11,13,12
전상현,66609,2018,KIA,6.10,5,0,0,0,0,0,0,-,55,10 1/3,19,1,5,0,7,7,7
전상현,66609,2019,KIA,3.12,57,0,0,1,4,0,15,0.200,245,60 2/3,45,3,21,2,62,21,21
전상현,66609,2020,KIA,2.45,47,0,0,2,2,15,13,0.500,198,47 2/3,35,4,22,0,64,21,13
전상현,66609,2021,KIA,3.46,15,0,0,1,0,0,7,1.000,59,13,15,1,6,0,8,6,5
전상현,66609,2022,KIA,3.30,50,0,0,5,5,2,16,0.500,195,46 1/3,42,2,16,0,53,20,17
전상현,66609,2023,KIA,2.15,64,0,0,8,3,1,13,0.727,250,58 2/3,50,1,26,1,50,20,14
김현준,66630,2020,KIA,12.56,15,0,0,1,0,0,1,1.000,76,14 1/3,20,2,13,1,12,20,20
김현준,66630,2021,KIA,5.49,19,0,0,0,1,0,2,0.000,83,19 2/3,15,4,12,0,19,13,12
김현준,66630,2022,KIA,5.52,12,0,0,0,1,0,0,0.000,72,14 2/3,19,0,5,2,9,14,9
헥터,66643,2016,KIA,3.40,31,3,1,15,5,0,0,0.750,868,206 2/3,211,7,51,6,139,88,78
헥터,66643,2017,KIA,3.48,30,1,0,20,5,0,0,0.800,854,201 2/3,221,21,45,5,149,83,78
헥터,66643,2018,KIA,4.60,29,1,0,11,10,0,0,0.524,753,174,209,25,36,4,137,102,89
지크,66628,2016,KIA,5.27,30,0,0,10,13,0,0,0.435,705,152,188,16,68,5,125,104,89
남하준,66660,2017,KIA,11.74,9,0,0,0,0,0,0,-,48,7 2/3,16,1,9,0,8,11,10
남하준,66660,2020,KIA,4.02,8,0,0,0,0,0,0,-,79,15 2/3,20,1,11,1,8,12,7
남하준,66660,2021,KIA,14.63,5,0,0,0,1,0,1,0.000,44,8,10,2,10,0,5,13,13
남하준,66660,2022,KIA,8.71,11,0,0,1,1,0,1,0.500,55,10 1/3,18,4,6,1,6,11,10
정동현,66659,2016,KIA,6.00,9,0,0,1,2,0,0,0.333,79,18,20,2,6,2,4,13,12
정동현,66659,2017,KIA,11.57,1,0,0,0,1,0,0,0.000,14,2 1/3,5,1,2,0,2,3,3
서덕원,66663,2020,KIA,8.53,11,0,0,0,0,0,0,-,59,12 2/3,14,5,4,3,6,12,12
서덕원,66663,2021,KIA,7.44,24,0,0,1,0,0,1,1.000,148,32 2/3,36,7,14,0,24,28,27
김재영,66741,2016,한화,10.32,11,0,0,0,0,0,0,-,58,11 1/3,18,2,8,3,4,14,13
김재영,66741,2017,한화,4.54,20,0,0,5,7,0,0,0.417,370,85 1/3,101,9,19,12,51,51,43
김재영,66741,2018,한화,5.66,29,0,0,6,4,0,1,0.600,503,111 1/3,136,15,37,12,56,74,70
김재영,66741,2019,한화,12.96,5,0,0,0,0,0,0,-,41,8 1/3,14,1,3,2,4,12,12
김재영,66741,2022,한화,5.40,30,0,0,0,2,0,1,0.000,137,30,33,1,12,7,16,25,18
김재영,66741,2023,한화,10.13,6,0,0,0,0,0,0,-,40,8,13,2,2,2,5,9,9
서캠프,66742,2016,한화,6.31,17,0,0,2,5,1,0,0.286,194,41 1/3,54,5,17,5,36,32,29
카스티요,66750,2016,한화,6.43,20,0,0,7,4,0,0,0.636,393,84,106,7,40,10,60,62,60
마에스트리,66748,2016,한화,9.42,9,0,0,2,2,0,0,0.500,157,28 2/3,37,4,34,1,23,37,30
김찬호,66801,2017,SK,11.81,5,0,0,0,0,0,0,-,32,5 1/3,10,0,5,1,6,7,7
김찬호,66801,2020,SK,27.00,3,0,0,0,0,0,0,-,14,2,5,1,4,0,1,6,6
라라,66825,2016,SK,6.70,17,0,0,2,6,0,1,0.250,232,48 1/3,66,5,30,1,40,46,36
정동윤,66858,2017,SK,9.00,2,0,0,0,0,0,0,-,15,3,5,1,1,1,1,3,3
정동윤,66858,2018,SK,3.38,2,0,0,0,0,0,0,-,11,2 2/3,3,1,1,0,3,1,1
정동윤,66858,2021,SSG,0.00,1,0,0,0,0,0,0,-,7,2,1,0,1,0,0,0,0
김주한,66859,2016,SK,4.25,39,0,0,3,1,1,2,0.750,254,59 1/3,62,6,14,4,50,28,28
김주한,66859,2017,SK,5.94,63,0,0,6,5,5,11,0.545,320,69 2/3,82,10,32,5,45,51,46
김주한,66859,2018,SK,13.50,7,0,0,1,0,0,1,1.000,34,6,9,2,6,0,5,10,9
김주한,66859,2019,SK,5.25,11,0,0,1,1,0,1,0.500,56,12,12,0,7,2,10,7,7
김주한,66859,2020,SK,7.43,22,0,0,1,7,0,0,0.125,220,46,60,7,20,8,22,43,38
김주한,66859,2023,SSG,-,1,0,0,0,0,0,0,-,3,0,2,1,1,0,0,3,3
박준영,66928,2016,NC,6.95,32,0,0,1,3,0,5,0.250,158,33 2/3,37,4,18,3,33,31,26
최성영,66920,2016,NC,1.93,7,0,0,0,0,0,0,-,21,4 2/3,8,0,2,0,4,1,1
최성영,66920,2017,NC,9.53,7,0,0,0,0,0,0,-,57,11 1/3,17,4,7,2,8,12,12
최성영,66920,2018,NC,5.88,28,0,0,2,2,1,0,0.500,282,64 1/3,66,11,25,4,57,43,42
최성영,66920,2019,NC,3.94,26,0,0,4,1,0,2,0.800,368,82 1/3,79,3,49,3,62,39,36
최성영,66920,2020,NC,6.08,14,0,0,2,4,0,0,0.333,278,60 2/3,67,13,35,3,27,45,41
최성영,66920,2023,NC,4.86,18,0,0,5,4,0,0,0.556,303,66 2/3,77,6,32,5,38,37,36
정수민,66960,2016,NC,6.19,15,0,0,3,3,0,0,0.500,223,48,59,4,29,5,31,34,33
정수민,66960,2017,NC,6.75,15,0,0,1,1,0,0,0.500,128,28,31,7,16,1,28,21,21
정수민,66960,2018,NC,6.05,25,0,0,2,5,0,1,0.286,278,58,69,10,33,3,38,43,39
정수민,66960,2019,NC,16.39,7,0,0,0,2,0,0,0.000,54,9 1/3,17,1,10,1,4,17,17
정수민,66960,2020,SK,1.15,3,0,0,1,0,0,0,1.000,61,15 2/3,11,0,5,0,11,2,2
정수민,66960,2021,SSG,6.82,10,0,0,1,2,0,0,0.333,151,30 1/3,34,6,27,1,22,24,23
임서준,66990,2016,NC,5.68,2,0,0,0,1,0,0,0.000,31,6 1/3,10,0,3,0,4,5,4
이대은,67008,2019,KT,4.08,44,0,0,4,2,17,0,0.667,391,86,89,10,39,6,59,48,39
이대은,67008,2020,KT,5.83,20,0,0,0,4,1,0,0.000,142,29 1/3,36,4,13,5,15,23,19
이대은,67008,2021,KT,3.48,31,0,0,3,2,1,9,0.600,128,31,27,4,11,1,22,15,12
로치,67033,2017,KT,4.69,28,1,0,4,15,0,0,0.211,743,165,200,18,60,13,99,106,86
조병욱,67045,2020,KT,7.62,9,0,0,0,1,0,0,0.000,131,28 1/3,39,4,13,1,11,24,24
이정현,67048,2019,KT,9.75,9,0,0,0,2,0,0,0.000,55,12,12,3,8,0,9,13,13
이정현,67048,2021,KT,9.35,2,0,0,0,1,0,0,0.000,38,8 2/3,12,3,5,0,1,9,9
이정현,67048,2022,KT,2.45,3,0,0,0,0,0,0,-,18,3 2/3,3,1,4,1,1,1,1
이종혁,67066,2017,KT,6.63,16,0,0,2,0,0,0,1.000,97,19,25,3,10,5,10,16,14
이종혁,67066,2018,KT,4.66,47,0,0,0,5,1,4,0.000,215,48 1/3,61,4,17,2,31,28,25
이종혁,67066,2019,KT,1.69,5,0,0,0,0,0,0,-,25,5 1/3,6,0,3,1,4,1,1
오석주,67116,2019,LG,5.40,3,0,0,0,0,0,0,-,24,5,6,2,3,0,4,3,3
오석주,67116,2021,LG,6.48,9,0,0,0,0,0,0,-,38,8 1/3,9,0,6,0,7,6,6
오석주,67116,2022,LG,2.45,4,0,0,0,0,0,0,-,15,3 2/3,4,1,0,0,2,1,1
오석주,67116,2023,LG,6.30,9,0,0,0,0,0,0,-,44,10,12,2,3,0,11,7,7
고우석,67119,2017,LG,4.50,25,0,0,0,0,0,1,-,118,26,30,2,11,2,23,13,13
고우석,67119,2018,LG,5.91,56,0,0,3,5,0,3,0.375,312,67,69,10,37,5,44,51,44
고우석,67119,2019,LG,1.52,65,0,0,8,2,35,1,0.800,288,71,47,4,30,4,76,13,12
고우석,67119,2020,LG,4.10,40,0,0,0,4,17,1,0.000,183,41 2/3,37,2,19,2,51,22,19
고우석,67119,2021,LG,2.17,63,0,0,1,5,30,0,0.167,240,58,47,3,23,3,68,15,14
고우석,67119,2022,LG,1.48,61,0,0,4,2,42,0,0.667,240,60 2/3,37,6,21,1,80,12,10
고우석,67119,2023,LG,3.68,44,0,0,3,8,15,0,0.273,190,44,38,2,22,4,59,19,18
손주영,67143,2017,LG,4.50,5,0,0,0,0,0,0,-,26,6,6,0,1,1,5,3,3
손주영,67143,2018,LG,8.49,4,0,0,0,2,0,0,0.000,62,11 2/3,13,0,14,2,7,11,11
손주영,67143,2021,LG,8.44,7,0,0,1,3,0,0,0.250,127,26 2/3,31,4,20,1,21,25,25
손주영,67143,2022,LG,4.97,3,0,0,0,1,0,0,0.000,58,12 2/3,10,0,8,3,8,7,7
손주영,67143,2023,LG,5.19,3,0,0,1,0,0,0,1.000,46,8 2/3,12,0,6,0,5,7,5
김태형,67122,2018,LG,5.40,2,0,0,0,0,0,0,-,8,1 2/3,2,1,1,0,1,1,1
김태형,67122,2021,LG,27.00,2,0,0,0,0,0,0,-,6,1,0,0,2,1,1,3,3
이찬혁,67164,2020,LG,5.40,4,0,0,0,0,0,0,-,17,3 1/3,4,1,3,1,1,2,2
이찬혁,67164,2021,LG,18.00,1,0,0,0,0,0,0,-,6,1,1,0,2,0,2,2,2
김명신,67246,2017,두산,4.37,39,0,0,3,1,0,5,0.750,200,45 1/3,54,2,12,7,38,23,22
김명신,67246,2020,두산,3.52,16,0,0,0,1,0,0,0.000,72,15 1/3,20,3,4,3,11,6,6
김명신,67246,2021,두산,4.30,58,0,0,3,2,0,2,0.600,289,67,72,6,14,6,43,37,32
김명신,67246,2022,두산,3.62,68,0,0,3,3,0,10,0.500,333,79 2/3,75,5,25,3,61,33,32
김명신,67246,2023,두산,3.65,70,0,0,3,3,1,24,0.500,334,79,72,3,27,6,65,34,32
문원,67259,2020,두산,9.53,4,0,0,0,0,0,0,-,30,5 2/3,12,2,2,0,0,9,6
문원,67259,2021,두산,6.75,2,0,0,0,0,0,0,-,9,1 1/3,2,1,2,0,1,1,1
최원준,67263,2018,두산,10.61,6,0,0,0,0,0,0,-,56,9 1/3,22,2,0,5,5,16,11
최원준,67263,2019,두산,2.65,34,0,0,1,2,1,4,0.333,228,54 1/3,52,1,16,4,38,17,16
최원준,67263,2020,두산,3.80,42,0,0,10,2,0,0,0.833,532,123,134,15,35,7,94,52,52
최원준,67263,2021,두산,3.30,29,0,0,12,4,0,0,0.750,673,158 1/3,160,15,37,10,113,65,58
최원준,67263,2022,두산,3.60,30,0,0,8,13,0,0,0.381,713,165,183,21,37,7,113,80,66
최원준,67263,2023,두산,4.93,26,0,0,3,10,0,0,0.231,465,107 2/3,119,11,28,12,71,60,59
박치국,67266,2017,두산,6.75,21,0,0,1,1,0,0,0.500,149,32,37,3,14,6,23,25,24
박치국,67266,2018,두산,3.63,67,0,0,1,5,3,17,0.167,293,67,80,5,15,9,60,30,27
박치국,67266,2019,두산,4.50,61,0,0,2,2,3,14,0.500,229,52,64,5,14,5,35,26,26
박치국,67266,2020,두산,2.89,63,0,0,4,4,0,7,0.500,317,71 2/3,65,5,34,5,66,34,23
박치국,67266,2021,두산,4.09,23,0,0,2,1,0,8,0.667,95,22,21,2,11,1,20,11,10
박치국,67266,2022,두산,5.40,15,0,0,1,2,0,3,0.333,51,11 2/3,6,0,9,3,12,8,7
박치국,67266,2023,두산,3.59,62,0,0,5,3,2,11,0.625,236,52 2/3,54,3,21,5,48,22,21
브리검,67313,2017,넥센,4.38,24,0,0,10,6,0,0,0.625,619,144,166,17,26,13,98,77,70
브리검,67313,2018,넥센,3.84,31,2,1,11,7,0,1,0.611,829,199,188,19,50,19,175,89,85
브리검,67313,2019,키움,2.96,28,0,0,13,5,0,0,0.722,669,158 1/3,148,5,46,12,130,62,52
브리검,67313,2020,키움,3.62,21,0,0,9,5,0,0,0.643,456,107,98,6,42,5,105,45,43
브리검,67313,2021,키움,2.95,10,0,0,7,3,0,0,0.700,250,61,49,6,26,4,49,25,20
오설리반,67312,2017,넥센,15.75,3,0,0,0,2,0,0,0.000,43,8,17,2,2,1,6,14,14
오윤성,67360,2017,넥센,11.74,6,0,0,0,1,0,0,0.000,42,7 2/3,9,0,9,1,4,10,10
김재웅,67391,2020,키움,4.68,43,0,0,1,4,0,2,0.200,258,59 2/3,64,7,23,2,51,36,31
김재웅,67391,2021,키움,3.54,51,0,0,0,1,1,11,0.000,243,53 1/3,49,5,33,1,47,24,21
김재웅,67391,2022,키움,2.01,65,0,0,3,2,13,27,0.600,254,62 2/3,39,4,29,4,56,14,14
김재웅,67391,2023,키움,4.22,67,0,0,2,3,6,18,0.400,250,59 2/3,56,2,24,0,46,29,28
양지율,67365,2019,키움,15.19,4,0,0,0,0,0,0,-,30,5 1/3,12,0,1,0,3,10,9
양지율,67365,2020,키움,3.86,24,0,0,0,1,0,1,0.000,99,23 1/3,24,3,10,1,12,10,10
양지율,67365,2023,키움,13.50,1,0,0,0,0,0,0,-,6,2/3,1,0,3,0,2,1,1
문용익,67419,2021,삼성,4.50,22,0,0,2,0,0,2,1.000,98,22,21,3,10,1,19,11,11
문용익,67419,2022,삼성,3.35,39,0,0,1,2,1,2,0.333,163,37 2/3,31,2,22,2,23,20,14
문용익,67419,2023,삼성,4.15,14,0,0,1,0,0,0,1.000,59,13,8,0,12,2,12,6,6
최지광,67421,2017,삼성,6.48,11,0,0,0,2,0,0,0.000,123,25,28,2,22,1,23,20,18
최지광,67421,2018,삼성,11.42,6,0,0,0,0,0,0,-,45,8 2/3,11,0,7,0,7,12,11
최지광,67421,2019,삼성,4.10,63,0,0,3,8,2,10,0.273,303,68,64,4,40,5,60,33,31
최지광,67421,2020,삼성,4.87,51,0,0,1,3,0,15,0.250,199,44 1/3,34,2,31,3,45,24,24
최지광,67421,2021,삼성,4.91,60,0,0,7,1,0,14,0.875,231,51 1/3,53,5,27,2,49,30,28
최지광,67421,2023,삼성,5.19,22,0,0,2,0,0,1,1.000,82,17 1/3,17,4,9,1,18,10,10
레나도,67423,2017,삼성,6.80,11,0,0,2,3,0,0,0.400,243,49,70,11,27,6,28,46,37
장지훈,67443,2017,삼성,0.00,4,0,0,0,0,0,0,-,10,2 1/3,2,0,1,0,5,0,0
장지훈,67443,2018,삼성,0.00,1,0,0,0,0,0,0,-,4,1,1,0,0,0,1,0,0
장지훈,67443,2019,삼성,6.28,13,0,0,0,0,0,0,-,77,14 1/3,22,0,11,1,12,11,10
장지훈,67443,2020,삼성,10.08,29,0,0,0,1,0,0,0.000,146,27 2/3,39,7,21,3,24,37,31
페트릭,67435,2017,삼성,6.18,25,0,0,3,10,0,0,0.231,619,134,174,18,52,6,87,95,92
김시현,67467,2017,삼성,7.59,17,0,0,0,0,0,0,-,104,21 1/3,29,4,15,2,16,18,18
김시현,67467,2018,삼성,12.60,4,0,0,0,0,0,0,-,29,5,10,2,2,2,5,7,7
김시현,67467,2019,삼성,4.41,14,0,0,0,0,0,0,-,71,16 1/3,16,3,8,1,10,9,8
김시현,67467,2023,삼성,12.00,2,0,0,0,0,0,0,-,17,3,6,2,2,0,2,5,4
나원탁,67454,2021,롯데,13.50,2,0,0,0,0,0,0,-,10,2,1,0,3,0,3,3,3
나원탁,67454,2022,롯데,9.00,7,0,0,0,0,0,0,-,34,6,9,1,5,2,8,7,6
나원탁,67454,2023,롯데,40.50,1,0,0,0,0,0,0,-,6,2/3,3,1,1,0,1,3,3
나균안,67539,2021,롯데,6.41,23,0,0,1,2,1,1,0.333,223,46 1/3,62,4,24,0,27,36,33
나균안,67539,2022,롯데,3.98,39,0,0,3,8,0,2,0.273,506,117 2/3,125,5,37,3,123,55,52
나균안,67539,2023,롯데,3.80,23,0,0,6,8,0,0,0.429,569,130 1/3,140,8,42,5,114,61,55
김민수,67504,2021,롯데,0.00,1,0,0,0,0,0,0,-,4,1,0,0,1,0,1,0,0
윤성빈,67588,2018,롯데,6.39,18,0,0,2,5,0,0,0.286,235,50 2/3,51,5,36,3,65,36,36
윤성빈,67588,2019,롯데,81.00,1,0,0,0,1,0,0,0.000,4,1/3,0,0,3,0,0,3,3
윤성빈,67588,2021,롯데,0.00,1,0,0,0,0,0,0,-,5,1,0,0,1,0,0,0,0
강동호,67591,2017,롯데,4.79,27,0,0,2,1,0,0,0.667,178,41 1/3,43,8,16,1,26,24,22
강동호,67591,2020,롯데,7.36,7,0,0,1,0,0,0,1.000,51,11,13,3,6,0,8,9,9
강동호,67591,2021,롯데,6.75,1,0,0,0,0,0,0,-,7,1 1/3,1,0,1,1,1,1,1
애디튼,67559,2017,롯데,5.91,15,0,0,2,7,0,0,0.222,324,70,85,7,25,5,60,54,46
송후섭,67606,2022,KIA,162.00,1,0,0,0,0,0,0,-,7,1/3,4,0,1,1,0,6,6
강이준,67604,2019,KIA,11.00,3,0,0,0,2,0,0,0.000,53,9,14,1,9,2,3,11,11
이승호,67603,2018,넥센,5.60,32,0,0,1,3,0,4,0.250,203,45,44,8,22,5,38,28,28
이승호,67603,2019,키움,4.48,23,1,1,8,5,0,0,0.615,533,122 2/3,134,10,51,1,82,70,61
이승호,67603,2020,키움,5.08,24,0,0,6,6,0,0,0.500,517,118 2/3,132,15,40,5,73,71,67
이승호,67603,2021,키움,5.51,38,0,0,1,3,0,5,0.250,224,47 1/3,55,4,31,1,37,39,29
이승호,67603,2022,키움,3.58,53,0,0,3,2,10,10,0.600,215,50 1/3,44,7,27,3,44,20,20
이승호,67603,2023,키움,5.40,4,0,0,0,0,0,1,-,24,5,5,1,4,0,1,3,3
유승철,67640,2018,KIA,4.37,39,0,0,1,0,1,3,1.000,220,47 1/3,49,5,29,4,44,25,23
유승철,67640,2019,KIA,11.25,3,0,0,0,0,0,0,-,20,4,4,2,2,2,5,5,5
유승철,67640,2022,KIA,7.58,21,0,0,3,0,0,0,1.000,93,19,21,5,16,0,14,20,16
유승철,67640,2023,KIA,0.00,1,0,0,0,0,0,0,-,4,1,0,0,1,0,0,0,0
박진태,67646,2017,KIA,6.55,38,0,0,0,1,3,2,0.000,270,57 2/3,76,5,19,10,24,45,42
박진태,67646,2019,KIA,4.32,2,0,0,0,1,0,0,0.000,42,8 1/3,10,0,6,3,5,4,4
박진태,67646,2020,KIA,13.02,12,0,0,0,0,0,0,-,105,18 2/3,32,9,16,4,14,27,27
박진태,67646,2021,KIA,5.95,59,0,0,3,3,0,9,0.500,305,65,68,6,36,13,45,44,43
팻딘,67645,2017,KIA,4.14,30,1,0,9,7,0,0,0.563,770,176,211,22,39,16,143,86,81
팻딘,67645,2018,KIA,6.26,36,0,0,6,7,0,2,0.462,588,129 1/3,174,23,27,4,101,96,90
박상원,67703,2017,한화,4.15,18,0,0,0,0,0,1,-,87,21 2/3,19,3,7,0,13,10,10
박상원,67703,2018,한화,2.10,69,0,0,4,2,0,9,0.667,256,60,59,3,21,4,62,17,14
박상원,67703,2019,한화,3.97,61,0,0,1,4,0,12,0.200,256,59,52,5,28,5,39,29,26
박상원,67703,2020,한화,4.66,62,0,0,1,0,1,10,1.000,256,58,62,8,20,4,52,35,30
박상원,67703,2022,한화,2.25,14,0,0,0,0,0,4,-,53,12,11,0,6,0,16,4,3
박상원,67703,2023,한화,3.65,55,0,0,5,3,16,0,0.625,277,61 2/3,63,2,29,3,57,35,25
김기탁,67711,2020,한화,9.00,5,0,0,0,0,0,0,-,40,7,13,1,5,0,3,10,7
김기탁,67711,2021,한화,5.84,19,0,0,0,0,0,4,-,58,12 1/3,14,0,7,1,12,10,8
김진영,67737,2017,한화,10.13,3,0,0,0,0,0,0,-,15,2 2/3,5,0,2,0,4,3,3
김진영,67737,2018,한화,7.94,4,0,0,0,0,0,0,-,49,11 1/3,13,1,4,0,9,10,10
김진영,67737,2019,한화,4.05,6,0,0,0,4,0,0,0.000,117,26 2/3,27,1,16,1,14,12,12
김진영,67737,2020,한화,3.33,58,0,0,3,3,0,8,0.500,231,54,48,6,22,3,56,26,20
김진영,67737,2021,한화,3.93,20,0,0,0,1,0,1,0.000,81,18 1/3,16,2,14,0,8,8,8
오간도,67748,2017,한화,3.93,19,0,0,10,5,0,0,0.667,475,110,115,8,30,11,74,53,48
김태욱,67768,2023,롯데,0.00,1,0,0,0,0,0,0,-,3,1,0,0,0,0,0,0,0
김성훈,67762,2018,한화,3.58,10,0,0,0,2,0,0,0.000,118,27 2/3,25,2,11,3,28,12,11
김성훈,67762,2019,한화,4.84,15,0,0,0,1,0,0,0.000,104,22 1/3,24,3,15,1,26,12,12
비야누에바,67742,2017,한화,4.18,20,0,0,5,7,0,0,0.417,461,112,108,12,23,5,68,58,52
다이아몬드,67815,2017,SK,4.42,24,1,1,10,7,0,0,0.588,581,134 1/3,163,11,35,9,59,69,66
김성민,67828,2017,넥센,4.93,33,1,0,4,3,0,1,0.571,411,87 2/3,104,12,40,9,75,54,48
김성민,67828,2018,넥센,6.19,46,0,0,2,1,0,5,0.667,226,48,61,6,21,3,45,38,33
김성민,67828,2019,키움,2.56,50,0,0,2,0,0,5,1.000,230,56 1/3,53,0,11,2,38,17,16
김성민,67828,2020,키움,6.46,25,0,0,1,0,0,0,1.000,112,23 2/3,28,3,12,3,21,19,17
김성민,67828,2021,키움,3.28,47,0,0,2,3,1,11,0.400,218,46 2/3,43,4,35,6,36,21,17
남윤성,67840,2018,SK,5.19,6,0,0,0,1,0,0,0.000,40,8 2/3,12,1,4,0,3,5,5
밴와트,67845,2014,SK,3.11,11,0,0,9,1,0,0,0.900,282,66 2/3,56,6,26,5,56,27,23
밴와트,67845,2015,SK,4.63,12,0,0,5,3,0,0,0.625,245,56 1/3,70,5,13,2,50,29,29
밴와트,67845,2016,KT,5.95,28,0,0,6,13,0,0,0.316,614,134 2/3,172,21,49,4,92,103,89
이원준,67863,2018,SK,29.45,3,0,0,0,1,0,0,0.000,25,3 2/3,13,3,1,0,2,12,12
이원준,67863,2019,SK,19.29,2,0,0,0,1,0,0,0.000,14,2 1/3,3,1,4,0,2,5,5
이원준,67863,2020,SK,7.45,17,0,0,0,1,0,0,0.000,100,19 1/3,28,3,16,0,17,17,16
김진호,67954,2020,NC,8.71,3,0,0,0,1,0,0,0.000,54,10 1/3,14,5,8,1,7,10,10
김진호,67954,2021,NC,27.00,1,0,0,0,1,0,0,0.000,7,1,2,0,3,0,1,3,3
김진호,67954,2022,NC,6.12,36,0,0,4,0,1,0,1.000,196,42 2/3,53,7,20,1,35,30,29
김진호,67954,2023,NC,2.76,19,0,0,2,1,0,9,0.667,73,16 1/3,15,0,10,1,22,5,5
김태현,67956,2020,NC,6.75,2,0,0,0,0,0,0,-,10,1 1/3,2,0,4,0,1,2,1
김태현,67956,2021,NC,11.81,6,0,0,0,0,0,0,-,32,5 1/3,5,0,7,4,3,8,7
김태현,67956,2023,NC,4.43,16,0,0,1,0,0,0,1.000,90,20 1/3,17,4,13,1,14,13,10
맨쉽,67948,2017,NC,3.67,21,0,0,12,4,0,0,0.750,478,112 2/3,112,7,33,7,86,51,46
소이현,67962,2019,NC,0.00,1,0,0,0,0,0,0,-,5,1,1,0,1,0,1,0,0
소이현,67962,2020,NC,6.57,13,0,0,0,0,0,0,-,59,12 1/3,8,1,14,1,8,9,9
소이현,67962,2021,NC,6.75,10,0,0,0,0,0,0,-,59,10 2/3,13,1,12,0,10,12,8
최이준,68036,2018,KT,13.50,2,0,0,0,0,0,0,-,13,2,5,0,2,0,2,3,3
최이준,68036,2019,KT,0.00,1,0,0,0,0,0,0,-,4,1,0,0,2,0,0,1,0
최이준,68036,2022,롯데,23.14,5,0,0,0,0,0,0,-,20,2 1/3,7,0,6,0,3,8,6
최이준,68036,2023,롯데,6.83,28,0,0,1,0,0,1,1.000,143,29,37,1,21,0,20,22,22
김민,68043,2018,KT,5.06,9,0,0,4,2,0,0,0.667,178,37 1/3,40,4,25,6,25,26,21
김민,68043,2019,KT,4.96,27,0,0,6,12,0,0,0.333,674,150 2/3,175,16,65,4,91,88,83
김민,68043,2020,KT,6.54,24,0,0,3,3,0,1,0.500,207,42 2/3,46,6,29,5,32,35,31
김민,68043,2022,KT,2.35,6,0,0,0,0,0,2,-,28,7 2/3,4,1,2,1,8,2,2
김민,68043,2023,KT,6.83,16,0,0,1,2,0,0,0.333,145,29,40,3,16,4,22,26,22
신병률,68067,2018,KT,7.01,21,0,0,0,0,1,2,-,120,25 2/3,35,6,7,3,14,22,20
강백호,68050,2019,KT,0.00,1,0,0,0,0,0,0,-,4,1,0,0,1,0,0,0,0
한두솔,68092,2022,SSG,16.88,8,0,0,0,0,0,0,-,30,5 1/3,10,0,4,0,1,10,10
한두솔,68092,2023,SSG,9.00,1,0,0,0,0,0,0,-,6,1,1,0,1,1,2,1,1
윌슨,68135,2018,LG,3.07,26,1,1,9,4,0,0,0.692,689,170,158,11,35,6,149,63,58
윌슨,68135,2019,LG,2.92,30,1,0,14,7,0,0,0.667,763,185,171,7,44,10,137,77,60
윌슨,68135,2020,LG,4.42,25,0,0,10,8,0,0,0.556,628,144 2/3,161,13,39,8,109,81,71
김영준,68130,2018,LG,4.35,14,0,0,2,1,0,0,0.667,100,20 2/3,19,3,15,3,16,12,10
김영준,68130,2022,LG,1.86,2,0,0,0,0,0,0,-,43,9 2/3,8,1,4,3,7,2,2
김영준,68130,2023,LG,27.00,1,0,0,1,0,0,0,1.000,3,1/3,1,0,1,0,0,1,1
성동현,68159,2018,LG,0.00,1,0,0,1,0,0,0,1.000,2,1/3,1,0,0,0,0,0,0
성동현,68159,2023,LG,9.00,1,0,0,0,0,0,0,-,6,1,2,0,1,0,1,1,1
김민규,68200,2018,두산,54.00,1,0,0,0,0,0,0,-,4,1/3,1,0,2,0,0,2,2
김민규,68200,2019,두산,0.00,1,0,0,0,0,0,0,-,8,2,2,0,1,0,0,0,0
김민규,68200,2020,두산,4.89,29,0,0,1,2,1,0,0.333,231,53 1/3,47,3,22,3,54,30,29
김민규,68200,2021,두산,6.07,31,0,0,2,3,0,1,0.400,262,56 1/3,64,9,28,4,39,40,38
김민규,68200,2023,두산,4.32,6,0,0,0,0,0,0,-,37,8 1/3,6,0,4,2,5,5,4
박성모,68201,2018,두산,9.00,2,0,0,0,1,0,0,0.000,11,2,4,1,0,1,1,2,2
배창현,68207,2020,두산,0.00,1,0,0,0,0,0,0,-,3,1/3,0,0,2,0,0,0,0
곽빈,68220,2018,두산,7.55,32,0,0,3,1,1,4,0.750,154,31,44,6,17,3,26,26,26
곽빈,68220,2021,두산,4.10,21,0,0,4,7,0,0,0.364,455,98 2/3,78,7,79,12,96,50,45
곽빈,68220,2022,두산,3.78,27,0,0,8,9,0,0,0.471,645,147 2/3,143,13,60,11,138,69,62
곽빈,68220,2023,두산,2.90,23,0,0,12,7,0,0,0.632,526,127 1/3,96,7,58,5,106,44,41
박신지,68249,2018,두산,3.00,17,0,0,1,2,0,0,0.333,88,21,14,4,9,1,16,7,7
박신지,68249,2019,두산,-,2,0,0,0,0,0,0,-,3,0,1,0,2,0,0,2,2
박신지,68249,2020,두산,18.00,2,0,0,0,0,0,0,-,18,3,9,0,1,0,3,6,6
박신지,68249,2022,두산,6.71,29,0,0,1,6,0,0,0.143,313,61 2/3,84,7,40,5,38,50,46
박신지,68249,2023,두산,5.54,15,0,0,0,0,0,0,-,129,26,39,1,11,3,15,16,16
정철원,68242,2022,두산,3.10,58,0,0,4,3,3,23,0.571,294,72 2/3,60,4,26,2,47,26,25
정철원,68242,2023,두산,3.96,67,0,0,7,6,13,11,0.538,315,72 2/3,66,8,32,2,55,36,32
후랭코프,68240,2018,두산,3.74,28,0,0,18,3,0,0,0.857,621,149 1/3,118,12,55,22,134,64,62
후랭코프,68240,2019,두산,3.61,22,0,0,9,8,0,0,0.529,495,117 1/3,110,5,30,13,111,48,47
김호준,68269,2023,두산,12.00,3,0,0,0,0,0,0,-,16,3,3,1,4,0,2,4,4
현도훈,68260,2018,두산,7.27,3,0,0,0,1,0,0,0.000,42,8 2/3,11,2,6,1,5,7,7
현도훈,68260,2021,두산,12.46,5,0,0,0,0,0,0,-,46,8 2/3,9,1,13,0,9,12,12
안우진,68341,2018,넥센,7.19,20,0,0,2,4,0,1,0.333,198,41 1/3,46,6,28,3,46,35,33
안우진,68341,2019,키움,5.20,19,0,0,7,5,0,0,0.583,395,88 1/3,97,8,36,3,80,56,51
안우진,68341,2020,키움,3.00,42,0,0,2,3,2,13,0.400,143,36,20,3,17,0,41,12,12
안우진,68341,2021,키움,3.26,21,0,0,8,8,0,0,0.500,450,107 2/3,88,13,41,7,110,47,39
안우진,68341,2022,키움,2.11,30,1,0,15,8,0,0,0.652,766,196,131,4,55,4,224,51,46
안우진,68341,2023,키움,2.39,24,0,0,9,7,0,0,0.563,608,150 2/3,121,5,38,1,164,44,40
김윤수,68403,2019,삼성,4.63,5,0,0,1,1,0,0,0.500,54,11 2/3,10,2,10,0,9,6,6
김윤수,68403,2020,삼성,4.66,61,0,0,3,5,0,12,0.375,266,58,66,6,31,1,41,34,30
김윤수,68403,2021,삼성,6.63,20,0,0,0,0,0,1,-,101,19,25,2,17,1,25,18,14
김윤수,68403,2022,삼성,5.91,37,0,0,3,3,0,3,0.500,168,35,39,2,22,2,32,29,23
보니야,68400,2018,삼성,5.30,29,0,0,7,10,0,0,0.412,752,168,193,23,63,12,151,111,99
추재현,68362,2021,롯데,0.00,1,0,0,0,0,0,0,-,4,1,0,0,2,0,0,0,0
양창섭,68415,2018,삼성,5.05,19,0,0,7,6,0,0,0.538,400,87 1/3,100,12,34,10,49,52,49
양창섭,68415,2020,삼성,2.70,7,0,0,0,0,0,0,-,29,6 2/3,6,1,3,0,4,2,2
양창섭,68415,2021,삼성,6.60,9,0,0,1,1,0,1,0.500,73,15,21,3,8,0,13,11,11
양창섭,68415,2022,삼성,8.41,6,0,0,2,3,0,0,0.400,96,20 1/3,24,3,12,1,10,19,19
양창섭,68415,2023,삼성,9.10,15,0,0,0,3,0,2,0.000,141,28 2/3,45,7,16,1,12,29,29
아델만,68435,2018,삼성,5.05,31,0,0,8,12,0,0,0.400,758,171,202,20,54,11,137,101,96
김용하,68453,2018,삼성,9.00,4,0,0,0,0,0,0,-,19,3,2,0,4,3,4,4,3
최하늘,68501,2019,롯데,27.00,2,0,0,0,1,0,0,0.000,13,2,4,2,2,1,1,6,6
최하늘,68501,2022,삼성,6.15,14,0,0,1,4,0,1,0.200,156,33 2/3,42,5,15,2,18,23,23
최하늘,68501,2023,삼성,19.89,3,0,0,0,2,0,0,0.000,40,6 1/3,14,2,5,2,3,14,14
최채흥,68419,2018,삼성,3.21,8,0,0,4,1,0,0,0.800,120,28,30,5,8,1,25,11,10
최채흥,68419,2019,삼성,4.81,28,0,0,6,6,0,2,0.500,478,106 2/3,127,10,36,1,89,67,57
최채흥,68419,2020,삼성,3.58,26,1,1,11,6,0,0,0.647,617,146,131,12,51,7,123,67,58
최채흥,68419,2021,삼성,4.56,26,1,0,5,9,0,2,0.357,538,122 1/3,143,16,37,2,82,66,62
최채흥,68419,2023,삼성,6.68,15,0,0,1,7,0,0,0.125,295,63 1/3,90,9,16,3,33,52,47
듀브론트,68526,2018,롯데,4.92,25,0,0,6,9,0,0,0.400,629,137 1/3,162,13,62,8,109,82,75
이승헌,68529,2019,롯데,31.50,1,0,0,0,1,0,0,0.000,16,2,7,0,3,1,0,7,7
이승헌,68529,2020,롯데,4.66,8,0,0,3,2,0,0,0.600,157,36 2/3,34,1,11,2,34,25,19
이승헌,68529,2021,롯데,5.77,16,0,0,0,3,0,0,0.000,278,57 2/3,65,2,43,7,31,39,37
이승헌,68529,2022,롯데,54.00,1,0,0,0,1,0,0,0.000,8,2/3,3,0,3,0,1,4,4
정성종,68556,2018,롯데,6.16,10,0,0,0,1,0,0,0.000,85,19,19,2,8,1,12,13,13
정성종,68556,2019,롯데,5.44,32,0,0,1,1,0,0,0.500,231,49 2/3,64,6,24,4,24,33,30
정성종,68556,2021,롯데,8.25,12,0,0,0,0,0,0,-,65,12,19,2,8,1,4,12,11
정성종,68556,2022,롯데,4.15,5,0,0,0,0,0,0,-,21,4 1/3,4,0,4,0,5,4,2
정성종,68556,2023,롯데,5.32,12,0,0,0,1,0,1,0.000,98,22,21,1,15,1,10,14,13
김도규,68585,2021,롯데,5.79,43,0,0,2,1,0,5,0.667,182,42,41,3,22,0,39,28,27
김도규,68585,2022,롯데,3.71,55,0,0,4,4,3,8,0.500,218,51,48,2,19,4,45,26,21
김도규,68585,2023,롯데,4.55,36,0,0,0,3,1,1,0.000,132,29 2/3,29,1,13,1,26,16,15
김동우,68589,2021,롯데,10.80,5,0,0,0,0,0,0,-,30,5,10,1,5,0,3,7,6
윤중현,68619,2021,KIA,3.92,30,0,0,5,6,0,2,0.455,373,82 2/3,91,7,31,14,33,44,36
윤중현,68619,2022,KIA,5.03,47,0,0,3,1,0,5,0.750,240,53 2/3,63,4,14,5,27,32,30
윤중현,68619,2023,KIA,3.86,31,0,0,2,1,0,0,0.667,115,28,29,2,10,1,8,13,12
김승범,68616,2019,KIA,18.00,1,0,0,0,0,0,0,-,8,1,4,0,1,0,0,2,2
김승범,68616,2020,KIA,9.00,1,0,0,0,0,0,0,-,5,1,1,0,2,0,0,1,1
하준영,68639,2018,KIA,9.20,15,0,0,0,0,0,0,-,67,14 2/3,16,3,8,1,12,15,15
하준영,68639,2019,KIA,4.96,59,0,0,6,2,0,15,0.750,243,52 2/3,59,5,31,0,51,31,29
하준영,68639,2022,NC,4.62,47,0,0,3,0,0,4,1.000,164,39,28,3,14,3,44,22,20
하준영,68639,2023,NC,4.59,57,0,0,1,0,0,2,1.000,215,49,52,4,19,2,49,25,25
김진욱,68701,2018,한화,6.35,3,0,0,0,0,0,0,-,30,5 2/3,6,0,3,3,4,4,4
김진욱,68701,2019,한화,0.00,1,0,0,0,0,0,0,-,4,1,0,0,1,1,0,0,0
김진욱,68701,2020,한화,5.64,22,0,0,3,4,1,0,0.429,206,44 2/3,50,9,25,5,29,29,28
박성웅,68703,2018,한화,8.68,22,0,0,1,1,0,0,0.500,94,18 2/3,26,4,10,2,18,18,18
박성웅,68703,2019,한화,7.98,29,0,0,0,4,0,1,0.000,188,38 1/3,51,8,24,2,27,37,34
박성웅,68703,2020,한화,8.39,11,0,0,0,5,0,0,0.000,117,24 2/3,30,5,16,0,19,24,23
박성웅,68703,2021,한화,12.00,2,0,0,1,1,0,0,0.500,18,3,2,0,9,0,3,4,4
김유신,68659,2018,KIA,9.69,10,0,0,0,0,0,0,-,57,13,13,0,6,1,6,14,14
김유신,68659,2021,KIA,7.62,15,0,0,2,6,0,0,0.250,249,54 1/3,63,11,35,2,29,47,46
김유신,68659,2022,KIA,6.14,10,0,0,1,0,0,0,1.000,70,14 2/3,9,3,16,0,9,11,10
김유신,68659,2023,KIA,5.64,27,0,0,0,1,0,2,0.000,141,30 1/3,34,2,19,3,12,19,19
샘슨,68748,2018,한화,4.68,30,0,0,13,8,0,0,0.619,703,161 2/3,144,17,79,5,195,91,84
휠러,68742,2018,한화,5.13,19,0,0,3,9,0,0,0.250,459,101 2/3,128,12,34,10,94,62,58
헤일,68794,2018,한화,4.34,12,0,0,3,4,0,0,0.429,277,66 1/3,68,8,17,4,55,35,32
이승관,68797,2021,한화,27.00,8,0,0,0,2,0,0,0.000,44,5 2/3,11,1,16,0,5,20,17
이승관,68797,2022,한화,10.13,7,0,0,0,0,0,0,-,28,5 1/3,8,0,4,1,3,6,6
산체스,68815,2018,SK,4.89,29,0,0,8,8,0,1,0.500,632,145 1/3,161,26,39,7,124,90,79
산체스,68815,2019,SK,2.62,28,0,0,17,5,0,0,0.773,671,165,151,2,42,2,148,51,48
김정우,68830,2019,SK,9.00,1,0,0,0,0,0,0,-,6,1,2,0,1,0,0,1,1
김정우,68830,2023,두산,9.45,7,0,0,0,0,0,0,-,38,6 2/3,11,1,7,0,6,7,7
조성훈,68848,2018,SK,27.00,1,0,0,0,0,0,0,-,4,2/3,3,0,0,0,0,2,2
조성훈,68848,2023,SSG,6.43,2,0,0,0,1,0,0,0.000,34,7,10,0,4,2,4,5,5
최민준,68856,2018,SK,14.40,2,0,0,0,0,0,0,-,28,5,11,5,0,0,3,9,8
최민준,68856,2021,SSG,5.86,38,0,0,3,3,0,4,0.500,398,86,93,11,50,7,62,56,56
최민준,68856,2022,SSG,3.95,51,0,0,5,4,0,5,0.556,288,68 1/3,51,10,34,2,48,37,30
최민준,68856,2023,SSG,4.20,53,0,0,5,3,1,7,0.625,262,60,75,7,19,1,37,29,28
이채호,68896,2021,SSG,7.20,3,0,0,0,0,0,0,-,27,5,8,2,3,0,3,7,4
이채호,68896,2022,KT,2.95,38,0,0,5,0,0,3,1.000,156,36 2/3,28,0,13,6,32,13,12
이채호,68896,2023,KT,6.93,25,0,0,0,1,0,1,0.000,110,24 2/3,26,6,9,3,8,19,19
신민혁,68902,2020,NC,5.79,17,0,0,2,3,0,0,0.400,196,42,57,10,13,3,26,27,27
신민혁,68902,2021,NC,4.41,30,0,0,9,6,0,0,0.600,625,145,155,17,44,5,107,75,71
신민혁,68902,2022,NC,4.56,26,0,0,4,9,0,0,0.308,521,118 1/3,128,15,31,10,105,64,60
신민혁,68902,2023,NC,3.98,29,0,0,5,5,0,0,0.500,519,122,122,14,25,6,97,63,54
김영규,68900,2019,NC,5.29,30,1,1,5,4,0,1,0.556,307,66 1/3,82,7,31,6,46,40,39
김영규,68900,2020,NC,5.45,20,0,0,2,2,0,1,0.500,296,67 2/3,83,12,14,2,55,47,41
김영규,68900,2021,NC,5.37,37,0,0,5,3,0,6,0.625,286,63 2/3,69,10,28,1,42,40,38
김영규,68900,2022,NC,3.41,72,0,0,2,7,1,13,0.222,269,66,56,5,22,7,46,26,25
김영규,68900,2023,NC,3.06,63,0,0,2,4,0,24,0.333,247,61 2/3,45,2,23,1,48,22,21
이승헌,68910,2020,NC,9.00,3,0,0,0,0,0,0,-,11,2,3,1,1,1,2,2,2
이승헌,68910,2021,NC,6.75,5,0,0,0,0,0,0,-,27,5 1/3,9,0,1,0,7,5,4
김재균,68908,2018,NC,3.18,4,0,0,0,0,0,0,-,29,5 2/3,3,0,9,0,4,3,2
김시훈,68928,2022,NC,3.24,59,0,0,4,5,0,11,0.444,365,83 1/3,75,7,43,4,79,35,30
김시훈,68928,2023,NC,4.44,61,0,0,4,3,3,12,0.571,245,52 2/3,57,3,34,1,49,32,26
왕웨이중,68948,2018,NC,4.26,25,0,0,7,10,0,0,0.412,615,141 2/3,169,16,40,2,108,83,67
베렛,68953,2018,NC,5.28,29,0,0,6,10,0,0,0.375,698,155,178,24,59,9,144,94,91
쿠에바스,69032,2019,KT,3.62,30,0,0,13,10,0,0,0.565,760,184,153,18,63,12,135,80,74
쿠에바스,69032,2020,KT,4.10,27,0,0,10,8,0,0,0.556,668,158,152,16,46,9,110,80,72
쿠에바스,69032,2021,KT,4.12,23,1,1,9,5,0,0,0.643,580,133 1/3,131,11,51,3,137,68,61
쿠에바스,69032,2022,KT,2.45,2,0,0,1,0,0,0,1.000,40,11,2,1,5,1,8,3,3
쿠에바스,69032,2023,KT,2.60,18,0,0,12,0,0,0,1.000,460,114 1/3,95,4,24,2,100,33,33
전용주,69047,2019,KT,15.00,4,0,0,0,0,0,0,-,21,3,6,1,6,0,1,6,5
전용주,69047,2023,KT,4.35,15,0,0,0,1,0,1,0.000,43,10 1/3,6,0,6,1,9,5,5
손동현,69041,2019,KT,4.75,34,0,0,2,3,0,5,0.400,220,47 1/3,51,2,31,0,29,29,25
손동현,69041,2020,KT,5.31,23,0,0,0,0,0,1,-,91,20 1/3,21,5,10,0,12,14,12
손동현,69041,2023,KT,3.42,64,0,0,8,5,1,15,0.615,301,73 2/3,68,5,20,2,40,31,28
알칸타라,69045,2019,KT,4.01,27,1,0,11,11,0,0,0.500,724,172 2/3,189,15,27,8,100,80,77
알칸타라,69045,2020,두산,2.54,31,1,0,20,2,0,0,0.909,795,198 2/3,174,12,30,9,182,58,56
알칸타라,69045,2023,두산,2.67,31,0,0,13,9,0,0,0.591,777,192,171,16,35,5,162,67,57
이상동,69054,2019,KT,14.21,6,0,0,0,0,0,0,-,30,6 1/3,10,2,2,1,0,10,10
이상동,69054,2020,KT,9.00,5,0,0,0,0,0,0,-,30,6,11,0,3,0,3,6,6
이상동,69054,2021,KT,8.53,6,0,0,0,1,0,1,0.000,29,6 1/3,7,0,3,0,5,6,6
이상동,69054,2023,KT,3.98,36,0,0,4,1,0,1,0.800,179,40 2/3,45,4,15,0,43,19,18
이선우,69068,2019,KT,5.40,3,0,0,0,0,0,0,-,7,1 2/3,1,1,1,0,2,1,1
이선우,69068,2020,KT,13.50,2,0,0,0,0,0,0,-,13,2,6,1,1,0,1,3,3
이선우,69068,2023,KT,4.34,22,0,0,0,2,0,0,0.000,169,37 1/3,47,5,9,4,24,20,18
김성훈,69098,2020,KT,3.00,3,0,0,0,0,0,0,-,13,3,1,0,4,0,3,1,1
켈리,69103,2019,LG,2.55,29,0,0,14,12,0,0,0.538,747,180 1/3,164,7,41,16,126,70,51
켈리,69103,2020,LG,3.32,28,1,1,15,7,0,0,0.682,705,173 1/3,160,16,40,11,134,67,64
켈리,69103,2021,LG,3.15,30,0,0,13,8,0,0,0.619,744,177,160,12,60,11,142,64,62
켈리,69103,2022,LG,2.54,27,0,0,16,4,0,0,0.800,664,166 1/3,144,10,35,2,153,50,47
켈리,69103,2023,LG,3.83,30,0,0,10,7,0,0,0.588,746,178 2/3,183,10,39,6,129,87,76
이지강,69108,2022,LG,4.91,4,0,0,0,0,0,0,-,56,11,12,0,13,0,6,6,6
이지강,69108,2023,LG,3.97,22,0,0,2,5,0,2,0.286,299,68,60,4,28,9,38,45,30
임준형,69113,2021,LG,3.13,6,0,0,1,0,0,0,1.000,94,23,24,0,4,3,21,8,8
임준형,69113,2022,LG,6.00,10,0,0,1,3,0,1,0.250,140,30,36,2,14,3,26,22,20
남호,69104,2020,LG,3.93,6,0,0,0,0,0,0,-,82,18 1/3,13,1,12,1,14,9,8
남호,69104,2021,두산,10.13,5,0,0,0,1,0,0,0.000,13,2 2/3,3,0,3,0,2,3,3
이정용,69134,2020,LG,3.71,34,0,0,3,0,0,4,1.000,147,34,32,6,14,2,33,15,14
이정용,69134,2021,LG,2.97,66,0,0,3,3,0,15,0.500,284,69 2/3,55,4,23,1,74,25,23
이정용,69134,2022,LG,3.34,65,0,0,4,4,1,22,0.500,250,59 1/3,53,3,18,2,40,26,22
이정용,69134,2023,LG,4.15,37,0,0,7,2,3,1,0.778,382,86 2/3,100,5,19,2,50,45,40
한선태,69111,2019,LG,3.68,6,0,0,0,0,0,0,-,29,7 1/3,6,0,1,1,4,3,3
한선태,69111,2020,LG,18.00,1,0,0,0,0,0,0,-,7,1,3,0,2,0,0,2,2
강정현,69158,2019,LG,5.06,7,0,0,0,0,0,0,-,48,10 2/3,9,3,6,2,8,6,6
이상영,69168,2019,LG,16.88,3,0,0,0,0,0,0,-,16,2 2/3,9,1,0,1,1,5,5
이상영,69168,2021,LG,4.32,21,0,0,1,1,0,0,0.500,228,50,48,7,32,8,30,28,24
이상영,69168,2023,LG,3.27,6,0,0,0,1,0,0,0.000,54,11,12,0,8,3,4,5,4
정우영,69159,2019,LG,3.72,56,0,0,4,6,1,16,0.400,273,65 1/3,57,2,20,8,38,30,27
정우영,69159,2020,LG,3.12,65,0,0,4,4,5,20,0.500,305,75,48,3,29,11,59,26,26
정우영,69159,2021,LG,2.22,70,0,0,7,3,2,27,0.700,263,65,43,0,26,8,41,16,16
정우영,69159,2022,LG,2.64,67,0,0,2,3,0,35,0.400,248,58,48,3,32,6,40,18,17
정우영,69159,2023,LG,4.70,60,0,0,5,6,0,11,0.455,245,51 2/3,63,1,17,15,41,39,27
전루건,69204,2022,두산,19.29,9,0,0,0,0,0,0,-,52,9 1/3,17,2,8,0,3,20,20
이교훈,69205,2020,두산,10.38,5,0,0,0,0,0,0,-,24,4 1/3,6,1,4,0,3,6,5
이교훈,69205,2021,두산,10.80,11,0,0,0,0,0,0,-,43,8 1/3,13,2,3,1,8,10,10
윤산흠,69213,2021,한화,6.00,5,0,0,0,0,0,0,-,19,3,7,0,2,2,2,2,2
윤산흠,69213,2022,한화,2.67,37,0,0,1,1,0,3,0.500,155,33 2/3,23,1,30,2,46,12,10
윤산흠,69213,2023,한화,6.00,5,0,0,0,0,0,0,-,18,3,3,0,6,0,3,2,2
조영건,69360,2019,키움,81.00,1,0,0,0,1,0,0,0.000,7,1/3,3,0,3,0,1,3,3
조영건,69360,2020,키움,5.28,20,0,0,3,3,0,0,0.500,207,44 1/3,47,8,27,4,23,30,26
조영건,69360,2021,키움,0.00,1,0,0,0,0,0,0,-,6,1,1,0,2,0,3,0,0
조영건,69360,2023,키움,0.00,6,0,0,0,0,0,1,-,27,7 2/3,5,0,2,0,7,0,0
박주성,69328,2019,키움,13.50,4,0,0,0,0,0,0,-,25,4,7,1,6,0,1,6,6
박주성,69328,2020,키움,4.50,3,0,0,0,0,0,0,-,11,2,2,0,3,0,1,1,1
박주성,69328,2021,키움,4.91,13,0,0,0,1,0,0,0.000,89,18 1/3,24,1,9,2,12,11,10
박주성,69328,2022,키움,5.54,11,0,0,1,1,0,0,0.500,61,13,11,4,7,3,8,9,8
김인범,69367,2021,키움,0.00,3,0,0,0,0,0,0,-,20,5 1/3,3,0,1,0,5,0,0
요키시,69343,2019,키움,3.13,30,1,1,13,9,0,0,0.591,746,181 1/3,166,9,39,11,141,72,63
요키시,69343,2020,키움,2.14,27,0,0,12,7,0,0,0.632,640,159 2/3,144,6,25,6,115,53,38
요키시,69343,2021,키움,2.93,31,0,0,16,9,0,0,0.640,739,181 1/3,171,12,46,4,131,71,59
요키시,69343,2022,키움,2.57,30,0,0,10,8,0,0,0.556,746,185 1/3,169,8,33,5,154,61,53
요키시,69343,2023,키움,4.39,12,0,0,5,3,0,0,0.625,286,65 2/3,82,3,14,3,51,37,32
윤정현,69399,2019,키움,9.00,3,0,0,0,0,0,0,-,10,2,2,0,2,0,2,2,2
윤정현,69399,2020,키움,8.89,15,0,0,0,1,0,0,0.000,146,27 1/3,54,3,10,2,11,32,27
윤정현,69399,2021,키움,1.46,10,0,0,0,0,0,1,-,53,12 1/3,11,0,5,1,7,2,2
윤정현,69399,2022,키움,6.35,17,0,0,1,1,0,4,0.500,106,22 2/3,27,2,12,5,17,17,16
윤정현,69399,2023,키움,1.50,5,0,0,0,0,0,0,-,26,6,5,0,6,0,2,2,1
맥과이어,69413,2019,삼성,5.05,21,1,1,4,8,0,0,0.333,512,112 1/3,119,13,66,6,100,68,63
헤일리,69435,2019,삼성,5.75,19,0,0,5,8,0,0,0.385,386,87 2/3,95,5,34,6,84,59,56
원태인,69446,2019,삼성,4.82,26,0,0,4,8,0,2,0.333,493,112,119,12,39,5,68,65,60
원태인,69446,2020,삼성,4.89,27,0,0,6,10,0,0,0.375,626,140,162,19,56,5,78,84,76
원태인,69446,2021,삼성,3.06,26,0,0,14,7,0,0,0.667,655,158 2/3,147,11,51,5,129,59,54
원태인,69446,2022,삼성,3.92,27,0,0,10,8,0,0,0.556,700,165 1/3,175,16,38,4,130,75,72
원태인,69446,2023,삼성,3.24,26,0,0,7,7,0,0,0.500,634,150,157,15,34,6,102,61,54
라이블리,69439,2019,삼성,3.95,9,1,1,4,4,0,0,0.500,236,57,51,4,13,5,58,26,25
라이블리,69439,2020,삼성,4.26,21,0,0,6,7,0,0,0.462,478,112,98,11,39,12,95,54,53
라이블리,69439,2021,삼성,4.05,6,0,0,0,1,0,0,0.000,140,33 1/3,23,4,13,5,38,16,15
박영완,69507,2023,롯데,0.00,1,0,0,0,0,0,0,-,3,1,0,0,1,0,1,0,0
김현수,69516,2019,롯데,1.42,6,0,0,0,1,0,0,0.000,24,6 1/3,3,0,1,0,4,2,1
김현수,69516,2020,KIA,7.24,15,0,0,1,2,0,0,0.333,167,32 1/3,41,3,31,2,19,27,26
김현수,69516,2021,KIA,7.88,17,0,0,1,4,0,0,0.200,229,45 2/3,57,8,36,3,27,43,40
김현수,69516,2022,KIA,4.50,1,0,0,0,0,0,0,-,9,2,3,0,1,0,1,1,1
톰슨,69550,2019,롯데,4.74,11,1,1,2,3,0,0,0.400,267,62 2/3,54,4,23,5,60,35,33
서준원,69539,2019,롯데,5.47,33,0,0,4,11,0,0,0.267,443,97,117,10,38,11,60,61,59
서준원,69539,2020,롯데,5.18,31,0,0,7,6,0,0,0.538,480,107 2/3,130,16,31,5,60,71,62
서준원,69539,2021,롯데,7.33,26,0,0,1,3,0,3,0.250,257,54,72,5,29,2,37,46,44
서준원,69539,2022,롯데,4.80,33,0,0,3,3,0,2,0.500,265,60,65,3,23,5,45,32,32
박진,69594,2019,롯데,9.00,2,0,0,0,0,0,0,-,6,1,2,0,1,0,1,1,1
박진,69594,2023,롯데,9.00,4,0,0,0,0,0,0,-,29,5,7,1,7,0,2,5,5
김기훈,69620,2019,KIA,5.56,19,0,0,3,6,0,0,0.333,368,79 1/3,64,11,65,9,49,55,49
김기훈,69620,2020,KIA,5.37,22,0,0,0,4,0,1,0.000,238,52,58,8,31,2,39,35,31
김기훈,69620,2022,KIA,1.04,5,0,0,0,0,0,0,-,36,8 2/3,4,0,7,0,9,1,1
김기훈,69620,2023,KIA,4.60,29,0,0,2,0,0,0,1.000,156,31 1/3,28,0,37,2,26,22,16
양승철,69646,2019,KIA,12.12,11,0,0,1,1,0,0,0.500,85,16 1/3,23,3,15,0,11,22,22
양승철,69646,2020,KIA,7.85,15,0,0,0,0,0,0,-,144,28 2/3,41,4,24,3,13,26,25
터너,69640,2019,KIA,5.46,28,1,0,7,13,0,0,0.350,714,153 1/3,179,12,58,17,121,107,93
장지수,69645,2019,KIA,7.71,13,0,0,0,0,0,0,-,80,16 1/3,23,2,7,2,6,16,14
장지수,69645,2021,KIA,3.14,9,0,0,0,0,0,0,-,67,14 1/3,9,1,13,3,5,6,5
장지수,69645,2022,KIA,0.00,1,0,0,0,0,0,0,-,9,2,2,0,1,0,1,0,0
장지수,69645,2023,한화,18.00,1,0,0,0,0,0,0,-,11,2,4,0,2,0,0,5,4
윌랜드,69656,2019,KIA,4.75,28,0,0,8,10,0,0,0.444,726,165,191,17,59,5,137,95,87
오동욱,69703,2020,한화,13.50,4,0,0,0,1,0,0,0.000,60,10,22,3,7,2,5,19,15
오동욱,69703,2021,한화,5.40,34,0,0,0,1,0,2,0.000,117,25,21,3,16,5,13,17,15
서폴드,69744,2019,한화,3.51,31,0,0,12,11,0,0,0.522,810,192 1/3,191,8,54,8,135,84,75
서폴드,69744,2020,한화,4.91,28,1,1,10,13,0,0,0.435,734,165,203,19,42,13,97,107,90
노시환,69737,2020,한화,18.00,1,0,0,0,0,0,0,-,5,1,1,1,0,1,0,2,2
채드벨,69748,2019,한화,3.50,29,0,0,11,10,0,0,0.524,749,177 1/3,169,14,63,10,134,73,69
채드벨,69748,2020,한화,5.96,16,0,0,2,8,0,0,0.200,346,77,85,10,35,5,61,54,51
박윤철,69762,2019,한화,5.10,15,0,0,0,1,0,0,0.000,145,30,22,4,30,3,21,19,17
박윤철,69762,2022,한화,4.59,11,0,0,0,3,0,0,0.000,164,33 1/3,41,5,23,2,16,22,17
박윤철,69762,2023,한화,21.60,3,0,0,0,0,0,0,-,20,3 1/3,5,2,5,0,1,8,8
김도현,69745,2019,한화,4.26,11,0,0,4,3,0,0,0.571,171,38,42,2,21,2,15,19,18
김도현,69745,2020,한화,6.82,17,0,0,2,7,0,0,0.222,312,64 2/3,75,9,44,4,41,50,49
김도현,69745,2021,한화,7.62,14,0,0,0,1,0,0,0.000,132,26,32,2,22,4,13,22,22
김도현,69745,2022,KIA,7.59,5,0,0,0,1,0,0,0.000,52,10 2/3,17,2,5,1,11,9,9
서상준,69803,2023,SSG,0.00,2,0,0,0,0,0,0,-,13,2,1,0,5,0,3,3,0
백승건,69839,2019,SK,2.33,15,0,0,0,0,0,0,-,81,19 1/3,16,1,12,1,14,5,5
백승건,69839,2020,SK,7.98,10,0,0,0,5,0,0,0.000,156,29 1/3,37,7,31,2,28,29,26
백승건,69839,2023,SSG,4.97,25,0,0,2,2,0,3,0.500,170,38,41,7,17,0,29,24,21
다익손,69861,2019,롯데,4.34,29,0,0,6,10,0,0,0.375,649,149 1/3,164,15,40,6,117,81,72
하재훈,69813,2019,SK,1.98,61,0,0,5,3,36,3,0.625,245,59,47,1,26,1,64,13,13
하재훈,69813,2020,SK,7.62,15,0,0,1,1,4,0,0.500,66,13,19,2,8,0,10,13,11
하재훈,69813,2021,SSG,4.00,18,0,0,1,0,0,2,1.000,88,18,16,1,16,3,8,8,8
버틀러,69934,2019,NC,4.76,13,0,0,3,6,0,0,0.333,326,73 2/3,78,6,28,2,49,46,39
루친스키,69940,2019,NC,3.05,30,2,0,9,9,0,0,0.500,731,177 1/3,164,13,45,11,119,68,60
루친스키,69940,2020,NC,3.05,30,0,0,19,5,0,0,0.792,770,183,173,14,57,11,167,67,62
루친스키,69940,2021,NC,3.17,30,0,0,15,10,0,0,0.600,754,178 2/3,160,12,55,10,177,76,63
루친스키,69940,2022,NC,2.97,31,0,0,10,12,0,0,0.455,797,193 2/3,184,14,34,8,194,77,64
프리드릭,69953,2019,NC,2.75,12,2,1,7,4,0,0,0.636,294,72,63,4,22,3,56,22,22
전사민,69969,2019,NC,0.00,1,0,0,0,0,0,0,-,5,1,2,0,0,0,1,0,0
전사민,69969,2022,NC,3.24,7,0,0,0,0,0,0,-,34,8 1/3,5,1,6,0,2,4,3
전사민,69969,2023,NC,4.76,9,0,0,0,2,1,0,0.000,81,17,17,1,14,2,6,10,9
송명기,69962,2019,NC,9.00,2,0,0,0,0,0,0,-,14,3,4,1,2,0,1,3,3
송명기,69962,2020,NC,3.70,36,0,0,9,3,0,0,0.750,372,87 2/3,78,12,39,2,72,37,36
송명기,69962,2021,NC,5.91,24,0,0,8,9,0,0,0.471,574,123 1/3,147,12,58,9,102,83,81
송명기,69962,2022,NC,4.51,25,0,0,5,7,0,0,0.417,496,107 2/3,116,14,54,15,106,67,54
송명기,69962,2023,NC,4.83,35,0,0,4,9,0,0,0.308,474,104 1/3,106,12,47,11,65,64,56
하준수,69991,2022,NC,6.00,2,0,0,0,0,0,0,-,15,3,3,0,3,0,1,2,2
하준수,69991,2023,NC,0.00,1,0,0,0,0,0,0,-,5,1,0,0,2,0,1,0,0
배민서,69974,2019,NC,5.40,4,0,0,0,0,0,0,-,17,3 1/3,7,0,0,1,1,2,2
배민서,69974,2020,NC,7.43,13,0,0,0,0,0,0,-,64,13 1/3,17,4,7,0,9,12,11
배민서,69974,2021,NC,4.95,32,0,0,1,0,0,0,1.000,187,40,51,3,17,4,23,26,22
배민서,69974,2023,NC,6.75,6,0,0,0,0,0,0,-,34,6 2/3,10,0,2,1,4,8,5
경헌호,70121,2000,LG,4.32,24,1,0,4,5,1,0,0.444,368,85 1/3,89,8,28,4,56,45,41
경헌호,70121,2001,LG,4.37,46,0,0,4,3,2,3,0.571,356,80 1/3,84,8,36,5,76,42,39
경헌호,70121,2002,LG,4.64,40,0,0,1,1,1,2,0.500,226,52 1/3,51,3,21,3,46,30,27
경헌호,70121,2003,LG,4.20,54,0,0,4,4,1,11,0.500,319,70 2/3,74,8,34,3,73,39,33
경헌호,70121,2004,LG,1.04,6,0,0,0,1,1,0,0.000,32,8 2/3,5,1,1,0,5,2,1
경헌호,70121,2005,LG,3.98,43,0,0,0,2,9,4,0.000,226,54 1/3,47,3,14,6,37,25,24
경헌호,70121,2006,LG,3.46,34,0,0,2,3,2,5,0.400,216,52,48,3,16,1,28,23,20
경헌호,70121,2007,LG,5.96,23,0,0,1,0,0,2,1.000,103,22 2/3,25,4,10,1,16,18,15
경헌호,70121,2008,LG,2.31,30,0,0,1,0,0,2,1.000,191,46 2/3,42,4,14,1,27,13,12
경헌호,70121,2009,LG,4.76,28,0,0,2,1,1,1,0.667,152,34,41,6,12,3,25,20,18
경헌호,70121,2010,LG,0.00,5,0,0,0,0,0,0,-,20,5,5,0,0,0,4,0,0
경헌호,70121,2011,LG,2.57,4,0,0,0,0,0,0,-,26,7,4,0,0,1,1,3,2
노시훈,69996,2021,NC,3.86,5,0,0,0,0,0,0,-,22,4 2/3,4,1,4,0,2,2,2
장준관,70135,2000,LG,5.14,20,0,0,2,0,0,0,1.000,131,28,29,5,19,3,24,17,16
장준관,70135,2003,LG,9.82,3,0,0,0,0,0,0,-,22,3 2/3,7,1,2,3,1,4,4
장준관,70135,2004,LG,3.46,12,0,0,0,0,0,0,-,60,13,14,2,8,1,7,7,5
장준관,70135,2005,LG,6.20,18,0,0,0,2,0,3,0.000,95,20 1/3,25,1,10,2,12,17,14
장준관,70135,2006,LG,3.65,11,0,0,1,0,0,0,1.000,63,12 1/3,19,0,6,1,3,7,5
장준관,70135,2007,LG,0.00,3,0,0,0,0,0,0,-,10,3,2,0,0,0,3,0,0
김성준,70154,2000,LG,8.10,2,0,0,0,0,0,0,-,17,3 1/3,5,2,2,0,3,3,3
해리거,70143,2000,LG,3.12,31,3,0,17,10,0,0,0.630,905,225,192,10,61,3,162,85,78
해리거,70143,2001,LG,4.62,28,0,0,8,11,0,0,0.421,715,161 2/3,161,13,80,5,104,87,83
박재형,70164,2001,LG,7.71,2,0,0,0,0,0,0,-,23,4 2/3,7,2,2,0,3,5,4
김광수,70142,2000,LG,48.60,4,0,0,0,0,0,1,-,16,1 2/3,7,0,4,0,0,9,9
김광수,70142,2002,LG,13.50,1,0,0,0,0,0,1,-,4,2/3,3,1,0,0,0,1,1
김광수,70142,2003,LG,5.10,28,0,0,4,7,1,0,0.364,374,83,87,12,39,4,56,52,47
김광수,70142,2004,LG,6.86,8,0,0,0,0,0,0,-,103,21,35,2,7,0,8,19,16
김광수,70142,2008,LG,9.95,11,0,0,0,2,0,0,0.000,127,25 1/3,38,3,17,0,18,28,28
김광수,70142,2009,LG,6.71,34,0,0,4,7,0,1,0.364,531,114,150,19,49,6,67,96,85
김광수,70142,2010,LG,3.40,68,0,0,4,5,8,7,0.444,345,76 2/3,90,5,31,5,71,33,29
김광수,70142,2011,한화,4.78,37,0,0,2,3,6,3,0.400,188,37 2/3,53,3,24,2,24,20,20
김광수,70142,2012,한화,8.04,16,0,0,0,0,0,0,-,81,15 2/3,30,2,5,1,11,15,14
김광수,70142,2013,한화,5.72,56,0,0,3,3,1,4,0.500,293,67 2/3,75,3,16,6,41,45,43
김광수,70142,2014,한화,-,1,0,0,0,0,0,0,-,3,0,3,1,0,0,0,3,3
김광수,70142,2015,KIA,4.53,41,0,0,4,4,0,9,0.500,194,43 2/3,53,2,13,2,22,24,22
김광수,70142,2016,KIA,5.16,54,0,0,2,6,7,14,0.250,241,52 1/3,67,5,22,0,39,31,30
김광수,70142,2017,KIA,11.76,19,0,0,1,0,0,0,1.000,110,20 2/3,39,6,3,3,10,31,27
파머,70220,2000,두산,4.54,27,1,0,10,9,0,1,0.526,689,152 2/3,158,11,85,5,92,90,77
파머,70220,2001,두산,9.00,3,0,0,1,2,0,0,0.333,53,11,18,3,6,2,9,12,11
정진용,70249,2000,두산,12.46,2,0,0,0,0,0,0,-,24,4 1/3,5,1,5,1,4,6,6
정진용,70249,2001,두산,5.13,37,0,0,1,7,0,1,0.125,445,100,111,11,48,4,56,63,57
박찬협,70251,2000,두산,2.25,1,0,0,0,1,0,0,0.000,18,4,3,0,3,0,2,1,1
박찬협,70251,2001,두산,0.00,1,0,0,0,0,0,0,-,5,1 1/3,1,0,0,0,2,0,0
마일영,70329,2000,현대,3.38,46,0,0,5,5,2,4,0.500,408,93 1/3,84,7,57,0,62,39,35
마일영,70329,2001,현대,3.96,42,1,1,10,5,0,5,0.667,671,152 1/3,149,8,88,8,110,80,67
마일영,70329,2002,현대,4.56,30,0,0,7,4,0,0,0.636,583,130 1/3,132,16,69,10,98,76,66
마일영,70329,2003,현대,5.97,20,0,0,3,6,0,0,0.333,333,69 1/3,81,4,41,7,32,50,46
마일영,70329,2004,현대,4.71,26,1,0,4,4,0,0,0.500,372,80 1/3,99,6,37,6,46,46,42
마일영,70329,2007,현대,4.73,21,0,0,0,0,0,2,-,58,13 1/3,13,2,6,2,6,8,7
마일영,70329,2008,우리,3.49,28,1,0,11,11,0,0,0.500,712,173,155,11,57,12,83,77,67
마일영,70329,2009,히어로즈,6.93,27,0,0,5,8,0,1,0.385,451,97 1/3,127,17,48,3,51,76,75
마일영,70329,2010,한화,7.01,47,0,0,1,3,2,10,0.250,200,43 2/3,51,9,20,1,26,37,34
마일영,70329,2011,한화,5.81,51,0,0,2,5,0,8,0.286,325,69 2/3,75,4,49,3,32,46,45
마일영,70329,2012,한화,5.55,55,0,0,2,3,1,6,0.400,289,61 2/3,86,6,18,2,31,46,38
마일영,70329,2013,한화,6.57,13,0,0,0,1,0,0,0.000,60,12 1/3,17,1,6,2,6,9,9
마일영,70329,2014,한화,8.55,19,0,0,0,0,0,1,-,106,20,32,1,9,4,8,20,19
마일영,70329,2015,한화,0.00,2,0,0,0,0,0,0,-,5,1/3,0,0,1,1,0,1,0
신철인,70323,2000,현대,4.28,31,0,0,6,4,1,2,0.600,333,75 2/3,66,5,43,1,92,39,36
신철인,70323,2001,현대,2.80,57,0,0,6,6,13,5,0.500,399,96 1/3,88,5,37,2,91,34,30
신철인,70323,2002,현대,4.53,40,0,0,2,1,1,5,0.667,245,55 2/3,60,4,18,3,54,29,28
신철인,70323,2003,현대,3.07,52,0,0,3,2,1,10,0.600,327,76 1/3,59,10,40,4,88,28,26
신철인,70323,2004,현대,2.48,29,0,0,1,0,0,1,1.000,121,29,24,3,11,2,30,8,8
신철인,70323,2005,현대,0.00,2,0,0,0,0,0,0,-,5,1 1/3,1,0,0,0,1,0,0
신철인,70323,2006,현대,2.22,65,0,0,2,3,1,17,0.400,326,77,56,4,30,8,85,25,19
신철인,70323,2008,우리,3.60,13,0,0,0,0,0,2,-,45,10,9,2,5,1,8,4,4
신철인,70323,2009,히어로즈,6.42,46,0,0,2,4,6,6,0.333,200,47 2/3,46,5,13,3,50,36,34
김성태,70345,2002,현대,0.00,1,0,0,0,0,0,0,-,6,1 1/3,1,0,0,0,3,0,0
김성태,70345,2003,현대,6.10,25,0,0,2,0,0,1,1.000,199,41 1/3,54,7,19,3,38,37,28
김성태,70345,2004,현대,8.25,20,0,0,1,1,0,1,0.500,117,24,32,5,11,3,17,22,22
김성태,70345,2005,현대,3.00,2,0,0,0,0,0,0,-,14,3,0,0,5,0,2,1,1
김성태,70345,2006,현대,6.75,3,0,0,0,0,0,0,-,18,4,5,1,2,0,5,4,3
김성태,70345,2007,현대,4.54,22,0,0,2,1,0,1,0.667,178,41 2/3,40,5,13,3,26,23,21
김성태,70345,2010,넥센,3.95,15,0,0,2,4,0,0,0.333,274,66,60,9,22,2,45,35,29
김성태,70345,2011,넥센,4.82,18,0,0,3,7,0,0,0.300,390,89 2/3,89,8,38,3,71,51,48
이동학,70356,2003,현대,5.35,27,0,0,8,3,0,0,0.727,346,77 1/3,91,8,33,4,41,55,46
이동학,70356,2004,현대,11.12,3,0,0,0,1,0,0,0.000,35,5 2/3,11,2,5,3,2,7,7
이동학,70356,2005,현대,4.04,26,0,0,0,2,0,0,0.000,199,42 1/3,54,5,24,3,23,25,19
이동학,70356,2006,현대,9.72,7,0,0,0,2,0,0,0.000,42,8 1/3,10,0,6,2,9,10,9
이동학,70356,2007,현대,6.44,20,0,0,1,2,0,0,0.333,136,29 1/3,29,6,21,2,15,24,21
이동학,70356,2008,우리,4.26,2,0,0,0,0,0,0,-,31,6 1/3,10,1,3,0,3,3,3
이동학,70356,2009,히어로즈,6.99,18,0,0,1,3,0,0,0.250,140,28 1/3,37,2,20,3,20,23,22
이동학,70356,2010,넥센,7.16,8,0,0,0,1,0,0,0.000,81,16 1/3,25,1,8,1,9,17,13
박승민,70349,2000,현대,9.53,5,0,0,0,0,0,0,-,28,5 2/3,5,1,5,1,4,6,6
박승민,70349,2002,현대,3.38,2,0,0,0,0,0,0,-,13,2 2/3,4,1,1,0,4,1,1
박승민,70349,2004,현대,0.00,1,0,0,0,0,0,0,-,6,1 1/3,0,0,1,0,0,0,0
박승민,70349,2005,현대,3.86,29,0,0,1,1,0,1,0.500,176,42,37,4,7,7,43,20,18
박승민,70349,2006,현대,1.82,61,0,0,5,5,38,0,0.500,264,69 1/3,48,2,11,4,65,14,14
박승민,70349,2007,현대,2.86,54,0,0,6,4,3,4,0.600,221,50 1/3,41,4,28,9,49,19,16
박승민,70349,2008,우리,3.62,34,0,0,0,3,2,7,0.000,114,27 1/3,20,2,10,3,17,11,11
박승민,70349,2010,넥센,2.34,42,0,0,3,3,0,8,0.500,167,42 1/3,30,4,16,4,25,11,11
박승민,70349,2011,넥센,6.41,34,0,0,2,2,1,8,0.500,92,19 2/3,22,0,10,2,9,15,14
박승민,70349,2012,KIA,0.00,2,0,0,0,0,0,1,-,5,1 1/3,1,0,0,0,0,0,0
이상현,70352,2005,현대,4.41,11,0,0,0,0,0,0,-,76,16 1/3,17,2,8,3,14,9,8
가르시아,70441,2000,삼성,2.91,13,0,0,2,5,0,1,0.286,237,55 2/3,46,2,20,3,34,26,18
배영수,70425,2000,삼성,6.75,25,0,0,0,2,0,0,0.000,208,45 1/3,59,9,21,3,32,36,34
배영수,70425,2001,삼성,3.77,35,0,0,13,8,0,0,0.619,750,169 2/3,169,11,89,8,96,82,71
배영수,70425,2002,삼성,5.53,22,0,0,6,7,0,0,0.462,382,81 1/3,94,13,43,5,63,55,50
배영수,70425,2003,삼성,4.51,30,1,0,13,5,0,0,0.722,722,163 2/3,174,11,77,7,99,85,82
배영수,70425,2004,삼성,2.61,35,4,2,17,2,0,0,0.895,792,189 2/3,163,6,74,11,144,65,55
배영수,70425,2005,삼성,2.86,31,2,1,11,11,2,1,0.500,713,173,148,10,48,11,147,61,55
배영수,70425,2006,삼성,2.92,32,0,0,8,9,0,4,0.471,647,157 1/3,142,13,38,9,133,56,51
배영수,70425,2008,삼성,4.55,27,0,0,9,8,0,0,0.529,492,114 2/3,127,15,38,3,71,59,58
배영수,70425,2009,삼성,7.26,23,0,0,1,12,0,0,0.077,352,75 2/3,106,18,22,7,40,73,61
배영수,70425,2010,삼성,4.74,31,0,0,6,8,1,0,0.429,526,119 2/3,136,11,37,8,64,69,63
배영수,70425,2011,삼성,5.42,25,0,0,6,8,0,1,0.429,460,103,127,5,27,6,47,67,62
배영수,70425,2012,삼성,3.21,26,2,0,12,8,0,0,0.600,658,160,159,7,39,3,89,64,57
배영수,70425,2013,삼성,4.71,27,0,0,14,4,0,0,0.778,671,151,193,9,38,14,101,83,79
배영수,70425,2014,삼성,5.45,25,1,0,8,6,0,0,0.571,597,133 2/3,171,14,39,5,111,87,81
배영수,70425,2015,한화,7.04,32,0,0,4,11,0,1,0.267,469,101,124,21,39,14,56,93,79
배영수,70425,2017,한화,5.06,25,1,0,7,8,0,0,0.467,575,128,155,17,29,13,86,82,72
배영수,70425,2018,한화,6.63,11,0,0,2,3,0,0,0.400,251,55 2/3,69,6,15,6,47,42,41
배영수,70425,2019,두산,4.57,37,0,0,1,2,0,0,0.333,194,45 1/3,50,4,11,3,10,25,23
이용훈,70434,2000,삼성,5.63,33,0,0,9,7,0,2,0.563,619,139,146,22,72,11,112,88,87
이용훈,70434,2001,삼성,5.53,21,0,0,4,4,0,0,0.500,335,71 2/3,86,9,32,3,45,53,44
이용훈,70434,2002,SK,8.64,17,0,0,2,3,0,0,0.400,199,41 2/3,51,11,20,5,46,41,40
이용훈,70434,2003,롯데,11.08,8,0,0,0,1,0,0,0.000,78,13,25,5,14,2,9,17,16
이용훈,70434,2004,롯데,4.01,15,1,0,1,3,0,0,0.250,140,33 2/3,28,1,10,4,36,17,15
이용훈,70434,2005,롯데,5.01,22,0,0,7,9,1,0,0.438,461,106,94,12,45,6,106,63,59
이용훈,70434,2008,롯데,4.09,21,0,0,6,7,0,1,0.462,433,99,117,2,41,2,60,47,45
이용훈,70434,2009,롯데,6.30,17,0,0,5,7,0,0,0.417,363,80,91,13,46,7,35,60,56
이용훈,70434,2010,롯데,8.27,7,0,0,0,2,0,0,0.000,77,16 1/3,27,3,4,1,8,15,15
이용훈,70434,2011,롯데,11.25,4,0,0,0,1,0,0,0.000,19,4,9,0,0,0,1,5,5
이용훈,70434,2012,롯데,3.01,25,0,0,8,5,1,1,0.615,419,101 2/3,102,4,25,3,57,44,34
박영진,70430,2000,삼성,3.43,20,0,0,1,2,1,3,0.333,166,39 1/3,43,3,15,2,19,16,15
이명호,70444,2002,롯데,4.30,21,0,0,0,0,0,1,-,67,14 2/3,15,2,9,1,11,7,7
이명호,70444,2003,롯데,3.60,11,0,0,0,0,0,0,-,25,5,6,0,4,1,1,2,2
강민영,70531,2000,롯데,7.88,25,0,0,0,2,0,1,0.000,183,37 2/3,48,11,19,4,36,34,33
강민영,70531,2001,롯데,6.32,26,0,0,0,5,0,0,0.000,217,47,52,8,26,3,44,35,33
강민영,70531,2002,롯데,0.00,3,0,0,0,0,0,0,-,20,4 2/3,2,0,2,3,6,2,0
전영삼,70546,2000,롯데,0.00,2,0,0,0,0,0,0,-,16,3 2/3,4,0,1,0,2,0,0
박효순,70571,2001,롯데,-,1,0,0,0,0,0,0,-,4,0,3,0,1,0,0,4,3
최영완,70630,2000,해태,5.14,15,0,0,2,1,0,0,0.667,72,14,16,1,11,1,14,11,8
최영완,70630,2001,KIA,5.91,16,0,0,0,0,0,2,-,57,10 2/3,14,2,9,2,7,8,7
최영완,70630,2002,KIA,15.43,7,0,0,0,0,0,1,-,24,4 2/3,4,0,4,2,6,8,8
강영식,70615,2000,해태,6.99,17,0,0,0,4,0,1,0.000,212,46 1/3,50,8,26,1,38,39,36
강영식,70615,2001,삼성,0.00,7,0,0,0,0,0,0,-,22,4 2/3,6,0,3,0,1,2,0
강영식,70615,2002,삼성,3.79,32,0,0,6,3,0,0,0.667,408,95,83,11,46,4,88,44,40
강영식,70615,2003,삼성,4.22,38,0,0,1,2,0,6,0.333,193,42 2/3,40,3,25,0,40,20,20
강영식,70615,2004,삼성,6.08,23,0,0,2,2,1,5,0.500,64,13 1/3,15,1,7,1,14,9,9
강영식,70615,2005,삼성,4.83,60,0,0,0,0,0,7,-,149,31 2/3,26,4,27,3,37,18,17
강영식,70615,2006,삼성,4.65,30,0,0,1,0,0,1,1.000,136,31,21,1,23,3,35,19,16
강영식,70615,2007,롯데,3.86,58,0,0,0,0,0,5,-,145,35,27,5,13,1,39,15,15
강영식,70615,2008,롯데,2.88,64,0,0,6,2,2,16,0.750,213,56 1/3,35,6,13,1,41,21,18
강영식,70615,2009,롯데,4.84,54,0,0,4,3,2,8,0.571,218,48 1/3,51,6,28,1,31,28,26
강영식,70615,2010,롯데,4.44,63,0,0,3,3,2,7,0.500,230,52 2/3,50,6,24,1,58,28,26
강영식,70615,2011,롯데,3.51,64,0,0,2,1,1,16,0.667,177,41,35,5,22,2,39,16,16
강영식,70615,2012,롯데,3.89,55,0,0,2,0,0,10,1.000,182,41 2/3,41,2,19,0,49,19,18
강영식,70615,2013,롯데,3.86,55,0,0,1,3,1,9,0.250,168,39 2/3,32,1,19,2,40,17,17
강영식,70615,2014,롯데,4.79,52,0,0,2,5,0,14,0.286,203,47,46,4,24,2,42,25,25
강영식,70615,2015,롯데,4.19,50,0,0,2,1,2,6,0.667,159,38 2/3,40,6,10,0,46,21,18
강영식,70615,2016,롯데,5.40,24,0,0,0,2,0,5,0.000,55,11 2/3,13,2,9,0,11,8,7
강영식,70615,2017,롯데,3.86,4,0,0,0,1,0,0,0.000,13,2 1/3,4,0,1,0,2,2,1
윤형진,70655,2000,해태,5.95,29,0,0,3,10,0,0,0.231,442,98 1/3,111,14,37,10,70,70,65
윤형진,70655,2001,KIA,5.58,45,0,0,4,4,1,3,0.500,412,88 2/3,103,10,42,6,62,67,55
윤형진,70655,2002,KIA,27.00,2,0,0,0,0,0,0,-,17,2,9,1,2,0,3,6,6
윤형진,70655,2004,KIA,9.00,1,0,0,0,0,0,0,-,6,1,2,0,1,0,0,1,1
윤형진,70655,2005,KIA,12.79,4,0,0,0,0,0,0,-,33,6 1/3,12,3,1,2,4,9,9
윤형진,70655,2006,KIA,0.00,3,0,0,0,0,0,0,-,11,3,1,0,0,1,1,0,0
윤형진,70655,2007,KIA,3.86,3,0,0,0,0,0,0,-,23,4 2/3,6,0,3,0,3,2,2
김장백,70719,2000,한화,6.08,35,0,0,1,9,2,0,0.100,472,100 2/3,126,10,47,12,71,76,68
김장백,70719,2001,한화,8.71,6,0,0,0,0,0,0,-,52,10 1/3,19,1,3,2,7,12,10
김장백,70719,2002,한화,1.17,7,0,0,1,0,0,0,1.000,35,7 2/3,9,0,3,1,4,1,1
김장백,70719,2003,한화,9.00,1,0,0,0,0,0,0,-,5,1,2,1,0,0,1,1,1
장재혁,70754,2000,한화,12.71,4,0,0,0,1,0,0,0.000,28,5 2/3,6,2,4,0,4,8,8
장재혁,70754,2002,한화,3.86,20,0,0,0,1,0,1,0.000,148,32 2/3,37,3,12,3,29,18,14
허진석,70750,2000,한화,8.00,16,0,0,0,0,0,0,-,91,18,20,7,16,4,8,17,16
허진석,70750,2002,한화,0.00,2,0,0,0,0,0,0,-,13,4,1,0,0,0,0,0,0
허진석,70750,2003,한화,36.00,1,0,0,0,0,0,0,-,8,1,5,1,1,0,0,4,4
조규수,70755,2000,한화,5.05,29,2,1,10,12,0,0,0.455,738,169 1/3,177,25,67,5,105,104,95
조규수,70755,2001,한화,4.24,40,1,1,7,8,5,2,0.467,617,136,158,18,63,6,85,71,64
조규수,70755,2002,한화,5.46,28,0,0,5,7,0,0,0.417,502,113 2/3,114,19,49,13,88,71,69
조규수,70755,2003,한화,5.28,32,0,0,4,10,2,1,0.286,532,121,121,18,60,4,80,74,71
조규수,70755,2004,한화,7.68,20,0,0,2,3,1,0,0.400,185,38 2/3,51,7,19,4,26,35,33
조규수,70755,2005,한화,22.09,5,0,0,0,2,0,0,0.000,24,3 2/3,11,1,3,0,4,9,9
조규수,70755,2010,두산,0.00,2,0,0,0,0,0,0,-,5,1 1/3,1,0,0,0,0,0,0
이승호,70820,2000,SK,4.51,42,1,0,10,12,9,0,0.455,610,139 2/3,130,14,70,5,132,77,70
이승호,70820,2001,SK,3.55,35,6,1,14,14,2,0,0.500,951,220 2/3,200,27,115,5,165,101,87
이승호,70820,2002,SK,3.15,27,1,0,6,12,0,0,0.333,582,142 2/3,120,18,40,5,144,55,50
이승호,70820,2003,SK,4.08,23,2,2,5,4,0,2,0.556,423,97,88,16,50,9,81,45,44
이승호,70820,2004,SK,3.99,31,1,0,15,9,0,1,0.625,743,169,160,21,87,13,145,87,75
이승호,70820,2005,SK,0.00,3,0,0,0,0,0,0,-,16,3 2/3,2,0,2,1,6,0,0
이승호,70820,2008,SK,3.57,29,0,0,4,1,2,5,0.800,153,35 1/3,28,3,22,4,28,15,14
이승호,70820,2009,SK,4.42,68,0,0,7,5,6,7,0.583,465,106,105,13,56,5,96,54,52
이승호,70820,2010,SK,4.22,65,0,0,6,4,20,5,0.600,395,89 2/3,81,12,51,4,96,44,42
이승호,70820,2011,SK,3.50,51,0,0,6,3,2,2,0.667,284,64 1/3,48,3,47,1,50,28,25
이승호,70820,2012,롯데,3.70,41,0,0,2,3,0,1,0.400,216,48 2/3,40,1,35,1,27,23,20
이승호,70820,2013,NC,9.64,12,0,0,0,1,0,0,0.000,45,9 1/3,13,2,7,0,5,11,10
이승호,70820,2015,NC,36.00,1,0,0,0,1,0,0,0.000,7,1,3,0,1,0,1,4,4
배홍철,70832,2000,SK,5.68,7,0,0,0,0,0,0,-,64,12 2/3,16,1,6,5,6,10,8
콜,70840,2000,SK,6.14,37,0,0,8,10,2,1,0.444,533,114 1/3,116,12,78,5,71,84,78
콜,70840,2001,두산,5.04,21,1,0,6,9,0,0,0.400,524,119 2/3,115,9,56,4,95,77,67
콜,70840,2002,두산,4.01,27,2,2,12,6,0,0,0.667,678,157,152,11,73,8,114,71,70
엄정욱,70855,2000,SK,6.35,4,0,0,0,0,0,0,-,29,5 2/3,6,1,5,0,6,5,4
엄정욱,70855,2002,SK,1.50,5,0,0,0,0,0,0,-,26,6,1,0,7,2,9,1,1
엄정욱,70855,2003,SK,5.40,16,0,0,1,2,0,0,0.333,110,25,19,2,17,3,29,16,15
엄정욱,70855,2004,SK,3.76,22,1,1,7,5,1,1,0.583,454,105 1/3,88,5,50,11,119,48,44
엄정욱,70855,2005,SK,0.61,8,0,0,1,0,1,0,1.000,59,14 2/3,8,0,9,1,18,1,1
엄정욱,70855,2006,SK,10.80,2,0,0,0,0,0,1,-,10,1 2/3,2,0,3,0,3,2,2
엄정욱,70855,2009,SK,10.29,6,0,0,0,0,0,0,-,36,7,10,4,5,0,8,8,8
엄정욱,70855,2010,SK,6.27,34,0,0,4,3,0,0,0.571,295,66,62,6,40,3,67,46,46
엄정욱,70855,2011,SK,2.13,20,0,0,3,2,6,0,0.600,199,50 2/3,33,4,19,1,64,12,12
엄정욱,70855,2012,SK,3.20,49,0,0,4,5,3,12,0.444,232,56 1/3,46,5,24,4,44,21,20
엄정욱,70855,2014,SK,9.00,5,0,0,0,1,0,0,0.000,17,3,4,1,4,0,3,3,3
신승현,70839,2000,SK,9.00,6,0,0,0,2,0,0,0.000,32,7,7,1,2,1,5,7,7
신승현,70839,2001,SK,8.53,11,0,0,0,0,0,0,-,90,19,32,7,3,2,11,18,18
신승현,70839,2002,SK,0.00,5,0,0,0,0,0,0,-,21,5 2/3,4,0,0,0,4,1,0
신승현,70839,2003,SK,6.00,25,0,0,0,0,1,2,-,184,42,42,10,15,2,30,32,28
신승현,70839,2004,SK,4.88,58,0,0,2,7,0,3,0.222,446,107,99,13,32,16,64,60,58
신승현,70839,2005,SK,3.38,30,2,2,12,9,0,0,0.571,653,154 2/3,146,12,45,12,91,70,58
신승현,70839,2006,SK,3.44,24,0,0,8,6,0,0,0.571,457,107 1/3,107,9,32,13,53,52,41
신승현,70839,2007,SK,27.00,1,0,0,0,0,0,0,-,8,1,4,1,0,1,0,3,3
신승현,70839,2011,SK,9.00,4,0,0,1,0,0,0,1.000,20,4,9,0,0,0,3,4,4
신승현,70839,2012,SK,10.50,5,0,0,0,1,0,0,0.000,29,6,8,0,2,1,2,7,7
신승현,70839,2013,KIA,4.88,55,0,0,1,1,0,8,0.500,244,51 2/3,49,5,35,8,55,35,28
신승현,70839,2014,LG,5.87,11,0,0,0,0,0,1,-,81,15 1/3,21,2,9,4,12,15,10
신승현,70839,2015,LG,4.79,37,0,0,0,1,0,3,0.000,155,35 2/3,32,3,18,5,30,19,19
신승현,70839,2016,LG,4.96,49,0,0,3,1,1,9,0.750,199,45 1/3,41,3,24,4,31,26,25
신승현,70839,2017,LG,0.00,3,0,0,0,0,0,0,-,12,3 2/3,1,0,0,1,1,0,0
박용진,71120,2001,LG,0.00,1,0,0,0,0,0,0,-,2,1/3,1,0,0,0,0,0,0
박용진,71120,2003,LG,7.71,3,0,0,0,0,0,0,-,28,4 2/3,10,0,3,0,3,7,4
박만채,71136,2003,LG,2.42,12,0,0,0,0,1,0,-,93,22 1/3,21,1,8,2,13,8,6
박만채,71136,2004,LG,4.85,4,0,0,2,0,0,0,1.000,54,13,12,3,2,2,9,8,7
박만채,71136,2005,LG,5.34,13,0,0,1,1,0,0,0.500,145,30 1/3,47,3,11,3,21,20,18
박만채,71136,2006,LG,2.70,3,0,0,0,0,0,0,-,15,3 1/3,3,0,2,0,1,1,1
린튼,71125,2001,LG,3.17,12,0,0,4,4,0,0,0.500,321,76 2/3,73,8,21,4,53,32,27
발데스,71123,2001,LG,4.65,30,0,0,10,9,0,0,0.526,740,164 2/3,166,16,88,11,80,93,85
이동현,71118,2001,LG,5.37,33,0,0,4,6,0,0,0.400,491,105 2/3,130,15,56,2,51,71,63
이동현,71118,2002,LG,2.67,78,0,0,8,3,7,6,0.727,516,124 2/3,110,13,43,5,106,39,37
이동현,71118,2003,LG,4.05,33,0,0,4,10,0,0,0.286,429,95 2/3,105,14,40,5,57,47,43
이동현,71118,2004,LG,2.87,48,0,0,1,3,12,5,0.250,228,53 1/3,46,1,26,1,48,18,17
이동현,71118,2009,LG,5.23,34,0,0,1,0,0,1,1.000,187,41 1/3,39,7,28,0,30,24,24
이동현,71118,2010,LG,3.53,68,0,0,7,3,4,15,0.700,311,74,65,5,34,3,58,38,29
이동현,71118,2011,LG,6.27,38,0,0,1,1,2,7,0.500,159,33,39,3,22,3,30,29,23
이동현,71118,2012,LG,3.02,52,0,0,2,2,0,6,0.500,231,56 2/3,43,1,18,0,56,20,19
이동현,71118,2013,LG,3.00,64,0,0,6,3,1,25,0.667,302,72,70,4,25,3,53,29,24
이동현,71118,2014,LG,2.73,61,0,0,5,1,2,23,0.833,250,59 1/3,54,2,21,8,38,18,18
이동현,71118,2015,LG,4.40,60,0,0,5,5,4,11,0.500,258,59 1/3,65,4,20,2,55,33,29
이동현,71118,2016,LG,5.40,46,0,0,4,3,2,5,0.571,195,43 1/3,54,5,14,3,38,26,26
이동현,71118,2017,LG,4.80,45,0,0,3,6,7,5,0.333,211,50 2/3,52,4,10,3,39,30,27
이동현,71118,2018,LG,7.93,36,0,0,2,1,0,4,0.667,167,36 1/3,49,6,7,3,23,35,32
이동현,71118,2019,LG,0.00,5,0,0,0,0,0,0,-,20,5,6,0,0,0,5,0,0
최경훈,71201,2001,두산,5.46,17,0,0,2,2,0,2,0.500,148,29 2/3,33,4,25,3,20,20,18
최경훈,71201,2002,두산,2.25,8,0,0,0,0,0,0,-,39,8,7,0,8,1,5,3,2
이대현,71202,2006,두산,6.75,4,0,0,0,0,0,0,-,25,5 1/3,4,1,3,1,3,4,4
베넷,71220,2001,두산,7.32,5,0,0,0,2,0,0,0.000,97,19 2/3,32,4,9,0,16,16,16
김태영,71255,2001,두산,3.72,6,0,0,0,2,0,0,0.000,38,9 2/3,5,1,5,1,6,4,4
김태영,71255,2003,두산,-,1,0,0,0,0,0,0,-,1,0,0,0,1,0,0,0,0
김태영,71255,2006,두산,2.93,13,0,0,0,1,0,2,0.000,62,15 1/3,13,1,6,0,11,6,5
김태영,71255,2007,두산,4.33,28,0,0,4,9,0,2,0.308,309,72 2/3,78,7,19,1,52,41,35
김태영,71255,2008,두산,2.40,44,0,0,6,2,0,0,0.750,332,86 1/3,65,5,11,4,82,23,23
김태영,71255,2009,두산,4.72,40,1,0,7,6,0,3,0.538,455,108 2/3,120,9,32,5,81,57,57
김태영,71255,2011,두산,3.96,33,0,0,3,2,1,1,0.600,277,63 2/3,71,5,20,3,41,30,28
김태영,71255,2012,두산,3.18,15,0,0,0,0,0,0,-,74,17,14,1,8,0,15,6,6
김태영,71255,2013,두산,5.91,35,0,0,4,4,0,3,0.500,295,67,78,5,23,5,36,46,44
김태영,71255,2014,KIA,5.68,48,0,0,5,4,1,11,0.556,228,50 2/3,56,6,17,5,45,34,32
김태영,71255,2015,KIA,5.19,27,0,0,0,2,0,4,0.000,120,26,36,3,8,4,30,16,15
김덕용,71261,2001,두산,6.75,3,0,0,0,0,0,0,-,10,1 1/3,3,0,2,0,3,6,1
이재우,71260,2001,두산,10.80,3,0,0,0,0,0,0,-,30,6 2/3,8,2,4,0,2,8,8
이재우,71260,2002,두산,4.50,3,0,0,0,1,0,0,0.000,35,8,10,2,1,0,6,4,4
이재우,71260,2003,두산,4.30,25,0,0,3,0,0,1,1.000,202,46,47,6,20,2,29,25,22
이재우,71260,2004,두산,4.43,33,0,0,6,3,0,0,0.667,379,89 1/3,85,8,32,4,56,44,44
이재우,71260,2005,두산,1.72,76,0,0,7,5,1,28,0.583,403,99 2/3,82,6,26,4,79,22,19
이재우,71260,2008,두산,1.55,65,0,0,11,3,2,17,0.786,351,87 1/3,54,2,28,4,68,20,15
이재우,71260,2009,두산,3.88,54,0,0,5,2,0,12,0.714,422,97 1/3,82,14,49,3,100,47,42
이재우,71260,2010,두산,1.35,2,0,0,1,0,0,0,1.000,21,6 2/3,2,0,0,0,4,1,1
이재우,71260,2012,두산,0.00,3,0,0,0,0,0,0,-,9,2 2/3,1,0,1,0,2,0,0
이재우,71260,2013,두산,4.73,30,0,0,5,2,0,0,0.714,302,66 2/3,59,5,48,4,44,36,35
이재우,71260,2014,두산,5.02,11,0,0,1,2,0,1,0.333,176,37 2/3,41,5,22,3,30,21,21
이재우,71260,2015,두산,6.26,37,0,0,0,2,0,9,0.000,213,46,44,9,28,5,47,33,32
이재우,71260,2016,한화,6.04,15,0,0,0,1,0,0,0.000,122,25 1/3,34,9,14,3,18,20,17
김태구,71267,2001,두산,14.40,4,0,0,0,0,0,0,-,25,5,11,2,1,0,1,8,8
김태구,71267,2003,두산,4.74,15,0,0,0,0,0,0,-,105,24 2/3,26,0,10,1,6,13,13
김태구,71267,2004,두산,9.00,2,0,0,0,0,0,0,-,15,3,8,0,1,0,0,3,3
장인규,71263,2001,두산,27.00,2,0,0,0,0,0,0,-,5,1/3,1,0,2,1,0,1,1
장인규,71263,2002,두산,0.00,1,0,0,0,0,0,0,-,3,2/3,0,0,1,0,1,0,0
장인규,71263,2006,두산,0.00,1,0,0,0,0,0,0,-,5,1 2/3,0,0,1,0,0,0,0
엔리케스,71353,2001,현대,9.00,10,0,0,0,3,1,0,0.000,47,9,10,0,10,1,4,9,9
장민석,71347,2001,현대,0.00,2,0,0,0,0,0,0,-,7,2,0,0,1,0,2,0,0
장민석,71347,2002,현대,0.00,1,0,0,0,0,0,0,-,3,1/3,2,0,1,0,0,0,0
장민석,71347,2003,현대,0.00,1,0,0,0,0,0,0,-,1,2/3,0,0,0,0,0,0,0
테일러,71339,2001,현대,4.75,29,0,0,8,10,0,0,0.444,724,155 1/3,160,12,105,10,94,91,82
여승현,71343,2006,LG,0.00,2,0,0,0,0,0,0,-,10,2,1,0,2,0,1,0,0
리베라,71414,2001,삼성,2.62,36,0,0,6,3,21,0,0.667,248,58 1/3,52,7,33,0,63,18,17
김덕윤,71440,2001,삼성,0.00,4,0,0,0,0,0,0,-,17,3 2/3,5,0,3,0,1,0,0
김덕윤,71440,2004,삼성,3.27,18,0,0,0,0,0,0,-,98,22,21,3,9,3,16,13,8
김덕윤,71440,2005,삼성,5.72,20,0,0,1,0,0,0,1.000,176,39 1/3,45,5,14,3,40,25,25
김덕윤,71440,2006,두산,3.67,48,0,0,6,0,0,3,1.000,232,56 1/3,48,7,20,1,30,24,23
김덕윤,71440,2007,두산,6.20,21,0,0,0,0,0,0,-,81,20 1/3,16,4,8,1,7,14,14
김덕윤,71440,2008,두산,5.40,2,0,0,0,0,0,0,-,8,1 2/3,3,0,0,0,3,1,1
갈베스,71443,2001,삼성,2.47,15,5,2,10,4,0,0,0.714,477,116 2/3,100,7,34,8,85,42,32
이정호,71433,2001,삼성,4.66,8,0,0,0,0,1,0,-,45,9 2/3,8,0,10,1,2,5,5
이정호,71433,2002,삼성,6.10,5,0,0,0,0,0,0,-,49,10 1/3,12,1,6,1,12,8,7
이정호,71433,2003,삼성,6.23,6,0,0,1,0,0,0,1.000,24,4 1/3,8,2,3,1,3,3,3
이정호,71433,2008,우리,5.79,9,0,0,0,0,0,0,-,48,9 1/3,10,1,7,3,8,7,6
이정호,71433,2009,히어로즈,13.50,3,0,0,0,0,0,0,-,16,2 2/3,3,0,5,0,3,4,4
이정호,71433,2010,넥센,5.59,4,0,0,0,0,0,1,-,44,9 2/3,9,2,8,1,7,6,6
이성수,71429,2001,삼성,13.50,7,0,0,0,0,0,0,-,10,2/3,3,0,5,0,0,2,1
토레스,71441,2001,삼성,20.25,2,0,0,0,2,0,0,0.000,32,5 1/3,8,1,10,0,5,12,12
레이,71536,2001,롯데,5.36,9,0,0,1,5,0,0,0.167,233,50 1/3,47,6,35,5,32,33,30
이대일,71551,2001,롯데,0.00,1,0,0,0,0,0,0,-,8,2,2,0,0,0,0,0,0
이대일,71551,2002,롯데,7.71,2,0,0,0,0,0,0,-,12,2 1/3,4,0,2,0,1,2,2
김장현,71550,2001,롯데,5.44,27,0,0,1,3,0,1,0.250,229,49 2/3,60,2,26,0,28,34,30
김장현,71550,2002,롯데,5.26,44,1,0,4,9,1,0,0.308,514,119 2/3,126,16,39,8,70,76,70
김장현,71550,2003,롯데,6.75,28,0,0,3,9,0,0,0.250,410,92,119,15,29,3,32,70,69
김장현,71550,2004,롯데,5.43,25,0,0,4,11,0,0,0.267,510,117 2/3,123,17,36,5,61,78,71
김제빈,71563,2002,롯데,6.55,17,0,0,0,0,1,2,-,101,22,25,2,14,2,10,18,16
이대호,71564,2022,롯데,0.00,1,0,0,0,0,0,1,-,1,1/3,0,0,0,0,0,0,0
정원,71636,2001,KIA,4.76,13,0,0,0,0,0,0,-,76,17,21,3,5,2,12,11,9
정원,71636,2003,KIA,4.26,6,0,0,0,0,0,0,-,27,6 1/3,6,3,2,2,2,3,3
정원,71636,2004,KIA,0.00,2,0,0,0,0,0,0,-,9,2,3,0,0,0,1,0,0
정원,71636,2005,KIA,5.83,21,0,0,2,0,0,0,1.000,132,29 1/3,32,5,13,3,22,20,19
정원,71636,2006,KIA,1.88,30,0,0,3,1,0,4,0.750,155,38 1/3,30,1,15,1,24,9,8
정원,71636,2007,KIA,5.92,38,0,0,1,1,0,2,0.500,185,38,59,4,14,0,18,32,25
리치,71642,2001,KIA,6.14,5,0,0,0,1,1,0,0.000,37,7 1/3,13,0,4,0,4,6,5
이윤학,71641,2002,KIA,0.00,2,0,0,0,0,0,0,-,12,2 1/3,1,0,4,0,1,0,0
이윤학,71641,2008,두산,12.00,4,0,0,0,0,0,0,-,15,3,3,0,2,1,3,4,4
레스,71649,2001,KIA,4.34,27,2,0,7,9,0,0,0.438,665,153 1/3,139,21,85,3,104,81,74
레스,71649,2002,두산,3.87,31,1,0,16,8,0,0,0.667,867,202 1/3,202,19,69,8,154,97,87
레스,71649,2004,두산,2.60,29,4,2,17,8,0,0,0.680,831,200 2/3,189,12,57,15,116,68,58
레스,71649,2008,두산,2.84,6,0,0,3,2,0,0,0.600,138,31 2/3,36,2,13,3,21,13,10
워렌,71720,2001,한화,4.30,11,0,0,2,1,3,0,0.667,67,14 2/3,17,0,9,1,6,9,7
루이스,71653,2001,KIA,3.00,4,0,0,2,1,0,0,0.667,100,24,27,2,9,0,14,9,8
젠슨,71663,2001,KIA,8.53,4,0,0,0,1,0,0,0.000,62,12 2/3,13,0,11,0,10,13,12
김주철,71661,2001,KIA,8.73,13,0,0,1,5,0,0,0.167,158,33,45,11,21,3,18,34,32
김주철,71661,2002,KIA,4.42,12,0,0,0,0,0,0,-,78,18 1/3,17,1,5,1,16,9,9
김주철,71661,2003,KIA,6.75,3,0,0,0,0,0,0,-,18,4,7,1,0,0,3,3,3
김주철,71661,2004,KIA,6.30,10,0,0,1,1,0,0,0.500,99,20,25,5,16,2,11,16,14
김주철,71661,2005,KIA,10.13,3,0,0,0,0,0,0,-,26,5 1/3,6,2,6,0,4,7,6
김백만,71708,2001,한화,6.07,16,1,0,2,2,0,2,0.500,197,43,47,9,20,4,31,32,29
김백만,71708,2002,한화,4.55,17,0,0,1,1,0,1,0.500,131,31 2/3,30,6,7,0,31,16,16
김백만,71708,2003,한화,5.23,19,0,0,0,0,0,0,-,142,32 2/3,38,6,6,4,21,19,19
김백만,71708,2006,한화,5.04,16,0,0,1,2,0,2,0.333,107,25,26,3,6,0,15,17,14
김백만,71708,2008,한화,5.54,6,0,0,0,0,0,0,-,59,13,19,3,4,0,4,8,8
김백만,71708,2009,한화,15.00,4,0,0,0,2,0,0,0.000,30,6,9,1,2,0,4,10,10
지승민,71715,2001,한화,8.51,33,1,0,0,3,2,3,0.000,287,61 1/3,72,17,36,1,40,59,58
지승민,71715,2002,한화,5.67,14,0,0,1,0,0,0,1.000,121,27,24,6,19,1,22,17,17
지승민,71715,2003,삼성,6.23,12,0,0,0,0,0,0,-,64,13,22,4,4,2,10,9,9
지승민,71715,2004,삼성,3.45,52,0,0,3,1,0,17,0.750,121,28 2/3,21,6,15,1,34,11,11
지승민,71715,2005,삼성,2.70,7,0,0,0,0,0,0,-,15,3 1/3,2,1,3,0,5,1,1
지승민,71715,2009,두산,2.88,43,0,0,0,0,1,8,-,151,34 1/3,38,1,16,2,22,11,11
지승민,71715,2010,두산,4.05,12,0,0,0,0,0,1,-,37,6 2/3,9,2,7,1,2,3,3
에반스,71719,2001,한화,13.50,2,0,0,0,1,0,0,0.000,27,5 1/3,6,3,4,1,7,8,8
리스,71728,2001,한화,3.16,18,1,1,7,7,0,0,0.500,435,99 2/3,102,6,50,9,62,44,35
누네스,71727,2001,한화,5.52,14,0,0,2,1,4,0,0.667,132,29 1/3,38,2,7,0,19,22,18
윈스턴,71729,2001,한화,9.39,9,0,0,1,0,0,1,1.000,42,7 2/3,15,0,3,0,5,9,8
차베스,71721,2001,한화,3.38,7,0,0,0,0,0,0,-,38,8,8,0,7,0,6,3,3
박정근,71748,2001,한화,3.86,13,0,0,0,0,1,0,-,92,21,14,3,16,1,9,9,9
박정근,71748,2002,한화,18.00,1,0,0,0,0,0,0,-,8,1,2,0,2,1,1,2,2
박정근,71748,2006,한화,27.00,2,0,0,0,0,0,0,-,8,1,1,0,4,0,0,3,3
고상천,71745,2001,한화,-,1,0,0,0,0,0,0,-,2,0,1,0,1,0,0,2,2
고상천,71745,2002,한화,27.00,1,0,0,0,0,0,0,-,7,1,3,0,1,0,0,3,3
고상천,71745,2003,한화,5.40,12,0,0,0,0,0,0,-,37,6 2/3,3,0,12,2,6,4,4
고상천,71745,2004,한화,27.00,1,0,0,0,0,0,0,-,3,1/3,0,0,1,0,0,2,1
유영민,71753,2004,한화,9.00,2,0,0,0,0,0,0,-,8,2,2,0,0,0,1,2,2
정대현,71801,2001,SK,5.40,18,0,0,0,0,0,0,-,80,16 2/3,19,2,10,1,20,10,10
정대현,71801,2002,SK,3.21,24,0,0,1,0,0,0,1.000,173,42,37,3,10,1,30,15,15
정대현,71801,2003,SK,2.29,37,0,0,4,3,2,8,0.571,203,51,33,4,17,3,34,16,13
정대현,71801,2004,SK,2.34,52,0,0,2,3,2,16,0.400,280,69 1/3,62,2,14,5,50,22,18
정대현,71801,2005,SK,0.37,20,0,0,1,0,3,6,1.000,87,24 1/3,10,0,6,0,18,1,1
정대현,71801,2006,SK,1.94,59,0,0,8,4,15,11,0.667,289,74 1/3,55,3,23,3,52,19,16
정대현,71801,2007,SK,0.92,60,0,0,3,2,27,3,0.600,307,78 1/3,50,3,24,8,65,12,8
정대현,71801,2008,SK,2.67,49,0,0,4,3,20,0,0.571,250,60 2/3,51,4,22,3,50,18,18
정대현,71801,2009,SK,1.20,56,0,0,2,3,10,13,0.400,211,52 2/3,40,1,17,4,43,11,7
정대현,71801,2010,SK,1.40,49,0,0,4,1,4,8,0.800,170,45,31,1,7,1,47,7,7
정대현,71801,2011,SK,1.48,53,0,0,3,3,16,11,0.500,227,54 2/3,43,1,25,3,39,12,9
정대현,71801,2012,롯데,0.64,24,0,0,2,0,1,5,1.000,102,28 1/3,12,0,7,1,26,2,2
정대현,71801,2013,롯데,3.33,58,0,0,5,4,1,16,0.556,227,51 1/3,56,3,21,8,34,21,19
정대현,71801,2014,롯데,4.07,60,0,0,4,2,2,13,0.667,181,42,40,2,13,6,27,19,19
정대현,71801,2015,롯데,2.95,19,0,0,2,1,3,3,0.667,77,18 1/3,16,3,7,2,17,6,6
정대현,71801,2016,롯데,5.19,24,0,0,1,0,0,8,1.000,85,17 1/3,24,3,13,0,7,10,10
오승준,71827,2001,SK,9.00,3,0,0,0,0,0,0,-,12,2,2,2,5,0,1,2,2
오승준,71827,2002,SK,6.91,17,0,0,1,2,0,0,0.333,132,28 2/3,24,4,18,3,16,26,22
오승준,71827,2004,LG,1.93,3,0,0,0,0,0,0,-,24,4 2/3,4,0,7,0,3,1,1
조형식,71823,2002,SK,12.00,2,0,0,0,0,0,0,-,14,3,3,2,2,0,3,4,4
조형식,71823,2005,SK,2.55,16,0,0,0,0,0,0,-,77,17 2/3,19,2,8,1,16,6,5
조형식,71823,2006,SK,5.68,7,0,0,0,1,0,0,0.000,30,6 1/3,7,0,5,0,5,4,4
김강민,71837,2021,SSG,13.50,1,0,0,0,0,0,0,-,4,2/3,1,1,1,0,1,1,1
에르난데스,71829,2001,SK,3.89,34,4,2,14,13,0,0,0.519,1016,233 2/3,198,18,134,14,215,110,101
에르난데스,71829,2002,롯데,2.82,7,1,0,2,0,0,0,1.000,187,44 2/3,39,7,11,5,45,19,14
채병용,71845,2002,SK,3.19,51,2,2,7,9,11,2,0.438,578,141,120,20,44,9,126,51,50
채병용,71845,2003,SK,4.82,34,0,0,9,5,4,2,0.643,509,114,113,9,59,6,84,66,61
채병용,71845,2005,SK,4.24,26,0,0,8,8,0,1,0.500,518,121,103,18,54,8,96,63,57
채병용,71845,2006,SK,3.07,27,0,0,7,8,0,0,0.467,640,152 2/3,136,10,55,9,97,60,52
채병용,71845,2007,SK,2.84,28,0,0,11,8,0,0,0.579,610,146,137,8,47,5,84,51,46
채병용,71845,2008,SK,2.70,27,0,0,10,2,0,1,0.833,569,136 2/3,126,10,43,6,81,43,41
채병용,71845,2009,SK,4.70,28,0,0,3,3,2,3,0.500,269,61 1/3,66,11,25,2,53,32,32
채병용,71845,2012,SK,3.16,14,0,0,3,3,0,0,0.500,271,62 2/3,67,3,22,1,42,22,22
채병용,71845,2013,SK,7.97,12,0,0,0,3,1,0,0.000,103,20 1/3,30,2,16,3,12,18,18
채병용,71845,2014,SK,6.37,27,1,0,8,12,0,0,0.400,585,130,151,27,49,8,87,94,92
채병용,71845,2015,SK,6.07,33,0,0,4,4,0,1,0.500,367,83,103,17,27,3,78,56,56
채병용,71845,2016,SK,4.30,68,0,0,6,3,2,9,0.667,345,83 2/3,77,9,29,3,67,43,40
채병용,71845,2017,SK,6.84,43,0,0,6,4,0,6,0.600,231,50,62,8,15,3,43,40,38
채병용,71845,2018,SK,4.80,29,0,0,2,1,1,3,0.667,128,30,33,8,8,1,15,16,16
채병용,71845,2019,SK,9.82,4,0,0,0,0,1,1,-,21,3 2/3,7,1,3,1,3,4,4
김건한,71851,2001,SK,7.17,22,0,0,2,2,0,0,0.500,199,42 2/3,49,9,19,9,24,38,34
김건한,71851,2002,SK,3.38,5,0,0,0,1,0,0,0.000,30,5 1/3,7,0,5,2,6,2,2
김건한,71851,2003,SK,3.45,35,0,0,2,1,0,3,0.667,267,60,58,6,32,5,44,29,23
김건한,71851,2004,SK,3.55,47,0,0,3,3,1,6,0.500,426,99,99,10,43,10,53,42,39
김건한,71851,2005,KIA,7.18,27,0,0,1,3,0,3,0.250,154,31 1/3,39,5,16,6,19,28,25
김건한,71851,2006,KIA,4.50,11,0,0,0,1,0,0,0.000,84,18,23,1,10,0,7,12,9
김건한,71851,2007,KIA,5.73,19,0,0,2,2,0,0,0.500,151,33,35,3,17,3,17,22,21
김건한,71851,2010,KIA,5.26,57,0,0,3,5,1,3,0.375,358,77,87,5,34,7,61,53,45
김건한,71851,2011,KIA,5.08,35,0,0,2,5,0,3,0.286,299,67 1/3,67,5,30,9,42,39,38
김건한,71851,2012,삼성,5.29,31,0,0,0,0,0,2,-,159,34,41,2,15,3,27,23,20
김건한,71851,2013,삼성,12.56,11,0,0,1,0,0,0,1.000,84,14 1/3,31,1,11,0,12,20,20
김건한,71851,2014,삼성,5.45,34,0,0,0,1,1,0,0.000,166,36 1/3,42,2,9,8,23,27,22
김건한,71851,2015,삼성,6.06,16,0,0,1,1,0,0,0.500,83,16 1/3,26,1,8,1,6,11,11
김건한,71851,2016,삼성,3.72,3,0,0,1,0,0,0,1.000,44,9 2/3,9,1,3,1,7,5,4
김장준,71867,2003,SK,6.23,8,0,0,0,0,0,1,-,59,13,14,2,7,2,10,9,9
김장준,71867,2005,LG,7.00,4,0,0,0,0,0,0,-,45,9,14,1,4,2,6,7,7
이준,71901,2003,삼성,5.40,1,0,0,0,0,0,0,-,7,1 2/3,3,0,0,0,1,1,1
만자니오,72123,2002,LG,4.32,31,2,0,8,11,0,1,0.421,735,162 1/3,161,13,94,21,122,85,78
케펜,72124,2002,LG,5.05,18,0,0,6,4,0,0,0.600,303,66,83,7,33,4,47,42,37
서승화,72157,2002,LG,5.94,27,0,0,0,2,0,0,0.000,162,36 1/3,35,7,13,6,28,25,24
서승화,72157,2003,LG,5.57,46,0,0,0,5,0,3,0.000,387,82 1/3,96,11,46,3,51,58,51
서승화,72157,2004,LG,5.58,49,0,0,1,8,1,14,0.111,315,69 1/3,58,5,45,7,64,45,43
서승화,72157,2005,LG,5.40,4,0,0,0,0,0,0,-,26,5,9,0,3,0,2,3,3
서승화,72157,2006,LG,19.64,5,0,0,0,1,0,0,0.000,26,3 2/3,6,1,7,2,1,8,8
서승화,72157,2009,LG,10.45,4,0,0,0,2,0,0,0.000,53,10 1/3,14,2,10,1,7,12,12
서승화,72157,2010,LG,6.75,12,1,0,1,5,0,0,0.167,257,52,65,4,42,5,41,41,39
김광우,72163,2003,LG,3.47,41,0,0,0,1,0,3,0.000,112,23 1/3,26,1,20,1,18,11,9
김광우,72163,2004,LG,4.15,8,0,0,0,0,0,0,-,18,4 1/3,1,0,6,0,2,2,2
김광우,72163,2005,LG,7.20,12,0,0,0,0,0,2,-,24,5,6,3,4,0,5,4,4
이재영,72216,2002,두산,2.96,67,0,0,4,6,2,7,0.400,398,97 1/3,64,9,47,3,112,36,32
이재영,72216,2003,두산,3.65,52,0,0,6,2,5,10,0.750,515,116,105,12,78,3,83,55,47
이재영,72216,2004,두산,2.59,60,0,0,9,7,3,14,0.563,383,94,71,7,39,4,79,30,27
이재영,72216,2005,두산,4.03,16,0,0,1,2,0,1,0.333,101,22 1/3,24,4,11,0,20,10,10
이재영,72216,2008,LG,6.19,48,0,0,1,4,1,8,0.200,298,68 1/3,69,8,32,3,39,47,47
이재영,72216,2009,LG,4.13,47,0,0,5,3,11,1,0.625,256,56 2/3,61,6,29,3,47,30,26
이재영,72216,2010,SK,6.75,8,0,0,0,0,0,0,-,55,10 2/3,15,2,10,2,6,9,8
이재영,72216,2011,SK,2.79,21,0,0,2,0,0,2,1.000,109,29,19,3,8,0,15,9,9
이재영,72216,2012,SK,4.29,48,0,0,6,3,1,10,0.667,293,65,65,6,35,5,46,32,31
이재영,72216,2013,SK,5.56,44,0,0,2,4,0,3,0.333,193,43 2/3,39,5,24,5,35,30,27
이재영,72216,2014,SK,6.19,38,0,0,1,0,0,4,1.000,209,48,45,7,28,0,42,35,33
이재영,72216,2015,SK,4.65,26,0,0,1,0,0,1,1.000,145,31,36,4,13,3,26,18,16
황덕균,72261,2013,NC,-,1,0,0,0,0,0,0,-,3,0,1,0,1,1,0,2,2
황덕균,72261,2015,KT,7.36,3,0,0,0,0,0,0,-,16,3 2/3,0,0,5,0,2,3,3
황덕균,72261,2016,넥센,3.31,7,0,0,1,0,0,0,1.000,68,16 1/3,13,3,7,1,3,6,6
황덕균,72261,2017,넥센,9.60,13,0,0,0,1,0,0,0.000,75,15,26,4,3,2,5,16,16
배힘찬,72321,2002,현대,81.00,1,0,0,0,0,0,0,-,5,1/3,4,0,0,0,0,4,3
배힘찬,72321,2003,현대,36.00,1,0,0,0,0,0,0,-,15,2,8,2,1,0,2,8,8
배힘찬,72321,2008,우리,7.15,5,0,0,0,0,0,0,-,55,11 1/3,16,2,4,2,5,11,9
배힘찬,72321,2009,히어로즈,4.35,21,0,0,1,1,0,2,0.500,125,31,24,5,9,2,12,17,15
배힘찬,72321,2010,넥센,6.94,14,0,0,2,5,0,0,0.286,161,35,40,7,21,5,11,28,27
배힘찬,72321,2011,넥센,5.87,11,0,0,0,0,0,0,-,74,15 1/3,20,0,8,3,14,10,10
배힘찬,72321,2014,넥센,5.40,6,0,0,0,0,0,0,-,32,6 2/3,11,1,1,0,4,4,4
배힘찬,72321,2015,넥센,6.75,7,0,0,0,1,0,0,0.000,37,6 2/3,10,1,6,0,1,7,5
배힘찬,72321,2016,KIA,7.94,3,0,0,0,0,1,0,-,27,5 2/3,7,1,3,0,2,6,5
배힘찬,72321,2017,KIA,29.70,2,0,0,0,1,0,0,0.000,21,3 1/3,12,3,0,0,4,11,11
이대환,72333,2002,현대,2.08,11,0,0,0,0,0,0,-,50,13,10,2,1,0,8,3,3
이대환,72333,2003,현대,2.66,13,0,0,1,0,0,0,1.000,91,20 1/3,20,2,7,4,8,11,6
이대환,72333,2004,현대,4.98,15,0,0,0,0,1,0,-,96,21 2/3,19,2,13,0,13,12,12
이대환,72333,2005,현대,5.31,31,0,0,5,3,0,0,0.625,348,76 1/3,87,11,29,7,50,49,45
이대환,72333,2009,히어로즈,6.75,2,0,0,0,0,0,0,-,6,1 1/3,2,0,2,0,1,1,1
이대환,72333,2010,넥센,4.91,9,0,0,0,0,0,0,-,47,11,11,3,3,0,9,6,6
이대환,72333,2011,LG,5.06,16,0,0,0,1,0,0,0.000,98,21 1/3,25,2,6,2,15,12,12
이대환,72333,2012,LG,3.52,6,0,0,0,0,0,0,-,34,7 2/3,8,1,1,2,4,4,3
이대환,72333,2013,KIA,4.11,12,0,0,0,0,0,0,-,67,15 1/3,17,0,7,1,12,7,7
이대환,72333,2015,NC,54.00,1,0,0,0,0,0,0,-,4,1/3,2,0,0,1,0,2,2
토레스,72342,2002,현대,4.19,28,3,2,10,11,0,0,0.476,778,180 1/3,182,21,64,21,97,97,84
최환인,72340,2002,현대,5.40,1,0,0,0,0,0,0,-,6,1 2/3,1,1,0,0,0,1,1
베라스,72350,2002,현대,7.33,21,0,0,1,4,6,0,0.200,100,23 1/3,24,5,9,1,19,20,19
조용준,72351,2002,현대,1.90,64,0,0,9,5,28,4,0.643,448,109,80,7,38,4,116,32,23
조용준,72351,2003,현대,3.52,47,0,0,2,7,26,1,0.222,230,53 2/3,52,4,18,1,39,26,21
조용준,72351,2004,현대,2.28,63,0,0,10,3,34,0,0.769,301,75,67,0,22,3,56,19,19
조용준,72351,2005,현대,3.27,49,0,0,2,1,27,0,0.667,228,52 1/3,47,6,20,3,61,21,19
조용준,72351,2009,히어로즈,4.00,11,0,0,0,1,1,0,0.000,42,9,11,1,5,2,6,4,4
엘비라,72412,2002,삼성,2.50,22,0,0,13,6,0,0,0.684,570,137,115,7,52,4,111,44,38
엘비라,72412,2003,삼성,7.06,6,0,0,1,1,0,0,0.500,100,21 2/3,20,3,13,3,21,17,17
패트릭,72428,2002,삼성,5.96,21,0,0,5,7,0,0,0.417,344,77,100,11,20,5,45,52,51
권혁,72447,2002,삼성,13.50,2,0,0,0,1,0,0,0.000,23,4,11,2,0,0,1,6,6
권혁,72447,2003,삼성,5.26,23,0,0,3,2,0,2,0.600,177,39 1/3,40,5,21,0,26,26,23
권혁,72447,2004,삼성,4.78,37,0,0,3,3,0,3,0.500,355,81,80,12,38,4,78,44,43
권혁,72447,2006,삼성,4.50,12,0,0,0,0,0,2,-,39,8,8,1,6,0,6,4,4
권혁,72447,2007,삼성,2.79,60,0,0,7,1,0,19,0.875,310,77 1/3,47,2,39,3,100,26,24
권혁,72447,2008,삼성,1.32,43,0,0,6,0,0,15,1.000,195,47 2/3,36,2,22,1,37,10,7
권혁,72447,2009,삼성,2.90,63,0,0,5,7,6,21,0.417,346,80 2/3,64,10,42,4,76,29,26
권혁,72447,2010,삼성,2.09,60,0,0,7,1,4,10,0.875,282,73 1/3,54,6,19,2,73,18,17
권혁,72447,2011,삼성,2.79,58,0,0,1,3,0,19,0.250,203,48 1/3,38,2,22,2,27,19,15
권혁,72447,2012,삼성,3.10,64,0,0,2,3,1,18,0.400,211,49 1/3,48,2,20,1,38,18,17
권혁,72447,2013,삼성,3.96,52,0,0,0,1,0,3,0.000,158,36 1/3,35,5,16,1,41,17,16
권혁,72447,2014,삼성,2.86,38,0,0,3,2,0,1,0.600,137,34 2/3,27,4,11,0,38,13,11
권혁,72447,2015,한화,4.98,78,0,0,9,13,17,6,0.409,506,112,124,15,53,5,88,68,62
권혁,72447,2016,한화,3.87,66,0,0,6,2,3,13,0.750,418,95 1/3,93,5,42,7,77,45,41
권혁,72447,2017,한화,6.32,37,0,0,1,3,0,11,0.250,147,31 1/3,39,6,9,5,17,23,22
권혁,72447,2018,한화,4.91,16,0,0,1,1,0,3,0.500,44,11,9,2,4,0,11,6,6
권혁,72447,2019,두산,4.91,57,0,0,2,2,1,11,0.500,155,36 2/3,36,3,7,2,21,23,20
권혁,72447,2020,두산,9.39,15,0,0,2,2,0,2,0.500,38,7 2/3,11,0,4,0,7,9,8
권오원,72454,2002,삼성,0.00,4,0,0,0,0,0,0,-,26,5,8,1,2,0,2,4,0
권오원,72454,2003,삼성,3.68,4,0,0,0,0,0,0,-,29,7 1/3,7,1,2,0,6,3,3
권오원,72454,2007,삼성,4.85,24,0,0,4,1,0,4,0.800,118,26,26,3,15,0,16,15,14
권오원,72454,2008,삼성,4.18,37,0,0,2,2,0,3,0.500,203,47 1/3,50,2,19,1,25,25,22
권오원,72454,2009,삼성,3.38,3,0,0,0,1,0,0,0.000,14,2 2/3,2,0,5,0,2,1,1
노병오,72461,2002,삼성,3.78,18,0,0,3,0,0,2,1.000,187,47 2/3,44,6,9,1,29,20,20
노병오,72461,2003,삼성,6.52,9,0,0,0,1,0,0,0.000,46,9 2/3,10,2,9,0,4,7,7
노병오,72461,2005,현대,10.13,13,0,0,0,0,0,0,-,69,13 1/3,21,3,8,1,10,15,15
노병오,72461,2006,현대,0.00,1,0,0,0,0,0,0,-,3,1,0,0,0,0,0,0,0
노병오,72461,2007,현대,8.44,11,0,0,1,1,0,0,0.500,98,21 1/3,28,5,4,2,14,23,20
매기,72513,2002,SK,4.69,23,2,1,6,9,0,0,0.400,589,132 1/3,127,10,81,5,124,80,69
안지만,72463,2003,삼성,7.89,14,0,0,1,0,0,0,1.000,102,21 2/3,31,6,6,3,11,19,19
안지만,72463,2004,삼성,7.77,12,0,0,0,0,0,0,-,106,22,30,7,9,3,13,19,19
안지만,72463,2005,삼성,3.48,63,0,0,8,3,0,14,0.727,344,82 2/3,65,8,36,7,72,35,32
안지만,72463,2006,삼성,9.00,7,0,0,0,1,0,2,0.000,35,6,10,1,5,1,4,10,6
안지만,72463,2007,삼성,3.42,53,0,0,5,3,0,7,0.625,453,108,100,7,43,1,83,43,41
안지만,72463,2008,삼성,2.97,51,0,0,5,1,0,9,0.833,296,69 2/3,67,5,28,2,64,25,23
안지만,72463,2009,삼성,5.12,17,0,0,2,4,0,1,0.333,216,51,54,5,18,1,32,31,29
안지만,72463,2010,삼성,2.74,67,0,0,9,3,9,8,0.750,363,92,74,6,25,7,95,32,28
안지만,72463,2011,삼성,2.83,47,0,0,11,5,0,17,0.688,352,86,74,3,20,4,77,30,27
안지만,72463,2012,삼성,1.71,56,0,0,1,2,0,28,0.333,246,63 1/3,42,1,20,0,58,12,12
안지만,72463,2013,삼성,3.11,54,0,0,6,2,0,22,0.750,254,63 2/3,46,3,23,3,60,23,22
안지만,72463,2014,삼성,3.75,55,0,0,6,3,1,27,0.667,263,62 1/3,51,5,30,4,67,27,26
안지만,72463,2015,삼성,3.33,66,0,0,4,3,0,37,0.571,323,78 1/3,76,8,26,2,96,29,29
안지만,72463,2016,삼성,5.79,31,0,0,2,5,5,5,0.286,173,37 1/3,44,9,15,4,41,26,24
고효준,72523,2002,롯데,0.00,6,0,0,0,0,0,0,-,15,3,5,0,1,0,3,1,0
고효준,72523,2004,SK,5.96,31,0,0,2,1,0,0,0.667,221,45 1/3,45,5,38,9,37,35,30
고효준,72523,2005,SK,3.59,19,0,0,4,4,0,0,0.500,265,57 2/3,28,2,47,16,67,27,23
고효준,72523,2006,SK,9.39,14,0,0,0,2,0,0,0.000,119,23,20,1,33,3,22,24,24
고효준,72523,2007,SK,5.40,1,0,0,0,0,0,0,-,8,1 2/3,2,1,0,0,2,1,1
고효준,72523,2008,SK,0.00,1,0,0,0,0,0,0,-,4,1,0,0,1,0,1,0,0
고효준,72523,2009,SK,4.33,39,0,0,11,10,2,1,0.524,565,126 2/3,98,12,81,14,152,69,61
고효준,72523,2010,SK,5.15,51,0,0,8,6,2,1,0.571,476,106 2/3,106,16,61,5,101,68,61
고효준,72523,2011,SK,4.26,35,0,0,5,8,0,0,0.385,463,105 2/3,87,4,69,6,89,55,50
고효준,72523,2014,SK,9.18,21,0,0,2,5,0,1,0.286,252,51,67,11,38,5,40,57,52
고효준,72523,2015,SK,6.18,30,0,0,0,3,0,0,0.000,246,51,61,8,31,4,43,37,35
고효준,72523,2016,KIA,6.07,24,0,0,0,2,0,2,0.000,222,46,54,6,29,2,52,39,31
고효준,72523,2017,KIA,4.28,40,0,0,3,1,0,4,0.750,186,40,44,1,22,5,35,19,19
고효준,72523,2018,롯데,6.96,43,0,0,2,3,0,7,0.400,153,32 1/3,33,3,23,0,39,27,25
고효준,72523,2019,롯데,4.76,75,0,0,2,7,0,15,0.222,280,62 1/3,58,6,36,3,72,34,33
고효준,72523,2020,롯데,5.74,24,0,0,1,0,0,0,1.000,77,15 2/3,14,3,11,3,11,10,10
고효준,72523,2021,LG,3.86,3,0,0,0,0,0,0,-,10,2 1/3,3,0,0,0,1,1,1
고효준,72523,2022,SSG,3.72,45,0,0,1,0,0,7,1.000,174,38 2/3,35,1,20,2,35,18,16
고효준,72523,2023,SSG,4.50,73,0,0,4,1,0,13,0.800,262,58,49,3,42,3,66,31,29
이명우,72535,2002,롯데,3.86,19,0,0,0,0,0,0,-,61,16 1/3,8,2,6,1,12,8,7
이명우,72535,2003,롯데,3.60,25,0,0,0,0,0,1,-,48,10,12,2,4,1,7,6,4
이명우,72535,2004,롯데,1.38,18,1,1,1,2,0,2,0.333,100,26,21,0,5,1,9,4,4
이명우,72535,2005,롯데,5.34,46,0,0,0,5,0,3,0.000,271,57 1/3,71,4,31,3,29,37,34
이명우,72535,2006,롯데,0.00,10,0,0,0,0,0,0,-,17,3 1/3,6,0,1,0,1,0,0
이명우,72535,2010,롯데,6.75,6,0,0,1,3,0,0,0.250,152,33 1/3,50,4,8,1,18,25,25
이명우,72535,2011,롯데,3.63,37,0,0,0,0,0,3,-,100,22 1/3,29,1,7,2,19,11,9
이명우,72535,2012,롯데,2.56,74,0,0,2,1,0,10,0.667,222,52 2/3,51,1,17,2,32,16,15
이명우,72535,2013,롯데,3.07,74,0,0,2,4,1,20,0.333,226,55 2/3,41,2,25,1,32,19,19
이명우,72535,2014,롯데,7.02,64,0,0,0,6,0,11,0.000,209,42 1/3,64,1,23,1,31,37,33
이명우,72535,2015,롯데,5.64,59,0,0,2,1,0,6,0.667,270,59,78,5,20,2,34,44,37
이명우,72535,2016,롯데,9.27,45,0,0,2,3,0,6,0.400,157,33,41,5,18,1,25,37,34
이명우,72535,2017,롯데,5.74,34,0,0,2,0,0,4,1.000,124,26 2/3,34,3,7,2,15,19,17
이명우,72535,2018,롯데,5.32,59,0,0,0,1,0,2,0.000,200,44,59,1,9,0,25,36,26
신원주,72556,2002,롯데,4.50,2,0,0,0,0,0,0,-,8,2,2,0,0,0,1,2,1
김풍철,72554,2002,롯데,3.67,25,0,0,1,3,1,0,0.250,219,54,49,6,16,3,44,24,22
이정민,72551,2002,롯데,3.27,8,0,0,0,0,0,0,-,49,11,8,1,7,0,1,6,4
이정민,72551,2003,롯데,6.00,2,0,0,1,0,0,0,1.000,40,9,10,3,2,1,1,6,6
이정민,72551,2004,롯데,5.51,48,0,0,2,2,0,3,0.500,374,78 1/3,94,4,50,4,60,52,48
이정민,72551,2005,롯데,3.82,56,0,0,6,7,7,4,0.462,410,94 1/3,86,6,47,5,63,41,40
이정민,72551,2006,롯데,3.46,29,0,0,0,1,0,4,0.000,164,39,43,8,10,2,21,16,15
이정민,72551,2009,롯데,3.74,31,0,0,1,2,1,5,0.333,186,43 1/3,52,3,13,1,26,19,18
이정민,72551,2010,롯데,6.67,20,0,0,1,0,0,1,1.000,144,29 2/3,42,3,14,1,11,24,22
이정민,72551,2011,롯데,3.72,9,0,0,0,0,0,1,-,43,9 2/3,12,3,4,0,6,4,4
이정민,72551,2012,롯데,5.18,14,0,0,1,3,0,0,0.250,150,33,44,2,12,1,14,21,19
이정민,72551,2014,롯데,2.43,25,0,0,1,1,0,8,0.500,152,33 1/3,42,1,15,0,25,14,9
이정민,72551,2015,롯데,5.84,34,0,0,1,4,1,5,0.200,212,44 2/3,59,4,31,2,36,34,29
이정민,72551,2016,롯데,3.16,67,0,0,5,2,2,9,0.714,326,77,83,6,21,5,60,29,27
이정민,72551,2017,롯데,5.40,24,0,0,3,1,0,2,0.750,118,26 2/3,32,5,9,2,11,17,16
변인재,72562,2002,롯데,6.00,5,0,0,0,1,0,0,0.000,53,12,12,0,7,0,5,8,8
변인재,72562,2003,롯데,4.62,26,0,0,0,2,1,1,0.000,161,37,42,6,8,5,17,25,19
강철민,72627,2002,KIA,5.68,26,0,0,5,6,0,1,0.455,345,77 2/3,100,9,22,2,46,51,49
강철민,72627,2003,KIA,4.88,27,2,0,6,7,0,1,0.462,397,90 1/3,82,16,44,9,44,54,49
강철민,72627,2004,KIA,5.33,31,1,0,8,12,1,0,0.400,650,145 1/3,159,14,61,13,86,94,86
강철민,72627,2005,KIA,4.68,23,0,0,3,8,0,0,0.273,424,92 1/3,99,14,52,11,68,52,48
강철민,72627,2006,KIA,2.76,10,0,0,3,2,0,0,0.600,263,58 2/3,54,5,36,1,32,19,18
강철민,72627,2010,LG,5.40,3,0,0,0,1,0,0,0.000,49,11 2/3,8,2,8,1,10,7,7
김진우,72641,2002,KIA,4.07,33,4,1,12,11,0,0,0.522,818,188,201,20,67,11,177,94,85
김진우,72641,2003,KIA,3.45,24,4,2,11,5,0,0,0.688,707,169 1/3,150,9,63,12,146,68,65
김진우,72641,2004,KIA,2.86,19,0,0,7,2,1,0,0.778,269,63,49,2,33,3,57,23,20
김진우,72641,2005,KIA,3.91,31,6,1,6,10,1,0,0.375,623,145,126,10,61,12,123,71,63
김진우,72641,2006,KIA,2.69,20,0,0,10,4,0,0,0.714,489,117,94,3,51,12,65,38,35
김진우,72641,2007,KIA,8.35,5,0,0,1,2,0,0,0.333,95,18 1/3,14,0,23,6,17,19,17
김진우,72641,2011,KIA,5.19,10,0,0,0,1,2,0,0.000,41,8 2/3,6,0,7,1,12,5,5
김진우,72641,2012,KIA,2.90,24,2,1,10,5,0,0,0.667,558,133 2/3,110,2,50,10,101,47,43
김진우,72641,2013,KIA,4.99,24,0,0,9,10,1,0,0.474,577,126 1/3,147,8,49,13,130,77,70
김진우,72641,2014,KIA,5.96,28,0,0,3,4,1,1,0.429,429,90 2/3,100,8,61,7,85,66,60
김진우,72641,2015,KIA,3.46,4,0,0,1,0,0,1,1.000,55,13,12,1,9,1,12,5,5
김진우,72641,2016,KIA,4.80,11,0,0,2,1,0,2,0.667,65,15,16,3,5,2,10,8,8
김진우,72641,2017,KIA,7.93,14,0,0,2,6,0,0,0.250,183,36 1/3,52,5,23,7,21,33,32
문수호,72643,2004,KIA,7.11,16,0,0,1,0,0,0,1.000,63,12 2/3,12,2,11,2,10,12,10
문수호,72643,2007,KIA,6.10,45,0,0,1,2,0,4,0.333,245,51 2/3,61,8,30,5,38,36,35
문수호,72643,2008,KIA,8.74,26,0,0,0,2,0,2,0.000,60,11 1/3,21,3,3,1,10,11,11
문수호,72643,2010,KIA,6.75,4,0,0,0,0,0,0,-,12,2 2/3,3,0,1,0,1,2,2
문수호,72643,2011,삼성,9.00,2,0,0,0,0,0,0,-,15,3,5,0,2,0,1,3,3
문수호,72643,2013,NC,2.57,11,0,0,0,0,0,4,-,32,7,8,0,2,1,6,3,2
문수호,72643,2014,NC,6.00,10,0,0,0,1,0,1,0.000,39,9,11,3,1,0,9,6,6
문수호,72643,2015,NC,-,2,0,0,0,0,0,0,-,2,0,1,0,1,0,0,1,1
키퍼,72653,2002,KIA,3.34,32,2,0,19,9,0,0,0.679,823,202 1/3,172,24,52,16,135,84,75
키퍼,72653,2003,두산,3.79,29,3,1,8,7,0,0,0.533,711,168 2/3,160,15,46,17,77,78,71
키퍼,72653,2004,두산,4.69,19,0,0,7,9,0,0,0.438,454,103 2/3,115,12,38,7,50,62,54
신용운,72649,2002,KIA,3.55,28,0,0,2,0,0,0,1.000,157,38,33,3,10,5,30,16,15
신용운,72649,2003,KIA,3.63,70,0,0,11,3,4,11,0.786,500,119,111,15,35,9,96,51,48
신용운,72649,2004,KIA,2.08,43,0,0,4,2,11,0,0.667,235,56 1/3,43,3,25,3,43,14,13
신용운,72649,2005,KIA,3.08,41,0,0,4,6,7,4,0.400,269,61 1/3,56,6,33,4,31,26,21
신용운,72649,2006,KIA,0.72,18,0,0,4,0,0,2,1.000,142,37 2/3,25,1,7,1,17,4,3
신용운,72649,2007,KIA,4.73,40,0,0,8,10,0,6,0.444,431,99,107,11,34,6,48,58,52
신용운,72649,2011,KIA,1.69,4,0,0,0,0,0,0,-,23,5 1/3,2,0,4,1,3,2,1
신용운,72649,2013,삼성,2.03,44,0,0,2,0,0,2,1.000,156,40,26,5,16,0,36,9,9
신용운,72649,2015,삼성,7.01,35,0,0,1,1,0,2,0.500,131,25 2/3,35,2,16,2,22,23,20
신용운,72649,2016,삼성,3.38,13,0,0,0,0,0,2,-,43,8,12,0,4,3,7,7,3
리오스,72659,2002,KIA,3.14,54,3,0,14,5,13,1,0.737,662,157 2/3,140,14,44,24,102,59,55
리오스,72659,2003,KIA,3.82,30,2,0,10,13,0,0,0.435,820,188 2/3,186,19,62,28,121,93,80
리오스,72659,2004,KIA,2.87,32,3,2,17,8,0,0,0.680,932,222 2/3,209,10,70,25,145,75,71
리오스,72659,2005,두산,3.51,32,3,0,15,12,0,0,0.556,856,205 1/3,203,20,57,17,147,88,80
리오스,72659,2006,두산,2.90,34,4,1,12,16,0,0,0.429,945,233,204,14,49,15,145,86,75
리오스,72659,2007,두산,2.07,33,6,4,22,5,0,0,0.815,947,234 2/3,191,8,58,16,147,69,54
유혜정,72720,2002,한화,18.00,2,0,0,0,0,0,0,-,19,3,8,2,3,0,4,6,6
유혜정,72720,2003,한화,3.68,7,0,0,0,2,0,0,0.000,62,14 2/3,9,3,8,1,10,6,6
유혜정,72720,2004,한화,11.25,2,0,0,0,0,0,0,-,20,4,7,1,2,0,3,6,5
피코타,72756,2002,한화,3.51,42,0,0,6,6,14,1,0.500,462,102 2/3,115,5,44,10,104,42,40
피코타,72756,2003,한화,3.86,41,0,0,3,6,15,0,0.333,244,56,62,5,19,2,43,26,24
정병희,72743,2003,한화,9.64,4,0,0,0,0,0,0,-,25,4 2/3,9,1,3,1,2,6,5
정병희,72743,2004,한화,5.48,33,0,0,4,5,1,3,0.444,285,65 2/3,71,13,25,1,52,40,40
정병희,72743,2005,한화,6.56,58,0,0,3,5,1,9,0.375,334,70,82,10,36,11,55,55,51
정병희,72743,2006,SK,5.19,8,0,0,0,0,0,0,-,37,8 2/3,8,1,2,2,7,5,5
신주영,72739,2003,한화,18.00,2,0,0,0,0,0,0,-,9,1,4,1,2,0,0,2,2
신주영,72739,2004,한화,5.19,6,0,0,0,0,0,1,-,37,8 2/3,7,4,2,3,3,5,5
신주영,72739,2005,한화,2.36,24,0,0,0,0,0,1,-,139,34 1/3,29,3,7,2,20,10,9
신주영,72739,2006,한화,4.40,8,0,0,1,1,0,0,0.500,66,14 1/3,17,1,8,1,6,8,7
신주영,72739,2011,한화,6.43,42,0,0,4,2,2,1,0.667,166,35,50,1,12,1,22,27,25
신주영,72739,2012,한화,16.20,3,0,0,0,0,0,0,-,17,3 1/3,5,2,1,1,2,7,6
마정길,72749,2002,한화,5.40,59,0,0,2,5,6,6,0.286,275,60,64,8,21,13,54,38,36
마정길,72749,2003,한화,4.06,63,0,0,3,2,2,8,0.600,295,68 2/3,56,6,30,11,57,34,31
마정길,72749,2004,한화,4.83,33,0,0,2,1,2,1,0.667,183,41,36,7,22,5,37,23,22
마정길,72749,2007,한화,4.50,11,0,0,0,1,0,1,0.000,57,12,15,3,6,1,7,7,6
마정길,72749,2008,한화,2.91,64,0,0,2,1,2,7,0.667,374,92 2/3,63,7,31,10,67,31,30
마정길,72749,2009,한화,4.97,54,0,0,0,0,1,7,-,241,50 2/3,61,6,23,7,39,31,28
마정길,72749,2010,넥센,3.04,58,0,0,3,2,0,2,0.600,249,56 1/3,51,6,28,6,43,23,19
마정길,72749,2011,넥센,3.35,45,0,0,1,4,0,8,0.200,204,48 1/3,37,3,24,7,46,20,18
마정길,72749,2013,넥센,4.09,29,0,0,4,1,1,1,0.800,149,33,32,1,18,3,31,20,15
마정길,72749,2014,넥센,4.78,56,0,0,3,3,0,7,0.500,285,64,57,9,30,12,55,37,34
마정길,72749,2015,넥센,5.06,35,0,0,0,0,0,0,-,166,37 1/3,36,4,17,6,33,22,21
마정길,72749,2016,넥센,4.10,61,0,0,6,1,0,12,0.857,282,63 2/3,61,10,34,4,52,33,29
마정길,72749,2017,넥센,10.45,7,0,0,0,0,0,0,-,51,10 1/3,14,3,4,1,7,12,12
박창근,72813,2004,SK,6.29,14,0,0,0,1,0,0,0.000,107,24 1/3,31,4,4,1,12,18,17
제춘모,72801,2002,SK,4.68,30,0,0,9,7,0,0,0.563,647,146,154,18,51,11,93,90,76
제춘모,72801,2003,SK,4.89,35,0,0,10,6,0,5,0.625,550,127,125,17,59,5,82,75,69
제춘모,72801,2004,SK,5.88,18,0,0,4,4,0,0,0.500,321,67 1/3,76,6,46,7,35,49,44
제춘모,72801,2005,SK,8.53,2,0,0,0,1,0,0,0.000,30,6 1/3,9,1,1,1,2,6,6
제춘모,72801,2009,SK,-,2,0,0,0,0,0,0,-,3,0,1,0,1,0,0,1,1
제춘모,72801,2010,SK,0.00,2,0,0,0,0,0,0,-,12,3 1/3,0,0,3,0,4,0,0
제춘모,72801,2012,SK,5.40,8,0,0,0,3,0,1,0.000,81,18 1/3,20,4,9,1,6,11,11
제춘모,72801,2014,SK,27.00,1,0,0,0,0,0,0,-,4,1/3,2,0,0,1,0,1,1
러핀,72838,2002,SK,2.60,9,0,0,1,0,0,0,1.000,66,17 1/3,8,1,6,1,18,5,5
윤길현,72862,2002,SK,7.29,24,0,0,3,3,0,0,0.500,265,58,65,15,26,5,42,47,47
윤길현,72862,2003,SK,2.06,24,0,0,0,1,1,0,0.000,160,39 1/3,33,3,14,1,24,9,9
윤길현,72862,2004,SK,7.01,14,0,0,0,1,0,1,0.000,121,25 2/3,31,2,16,1,24,21,20
윤길현,72862,2005,SK,3.69,45,0,0,5,2,1,5,0.714,257,61,51,7,25,5,61,27,25
윤길현,72862,2006,SK,3.90,32,0,0,5,9,1,2,0.357,594,140 2/3,126,13,54,7,91,66,61
윤길현,72862,2007,SK,2.88,71,0,0,8,3,0,18,0.727,311,75,62,4,34,2,46,25,24
윤길현,72862,2008,SK,2.90,55,0,0,1,0,2,14,1.000,205,49 2/3,37,1,23,2,49,17,16
윤길현,72862,2009,SK,4.40,51,0,0,6,0,3,4,1.000,188,47,37,4,17,1,39,24,23
윤길현,72862,2012,SK,10.80,5,0,0,0,0,0,0,-,18,3 1/3,6,1,3,0,1,4,4
윤길현,72862,2013,SK,3.32,45,0,0,3,1,0,8,0.750,178,43 1/3,35,5,21,2,47,17,16
윤길현,72862,2014,SK,3.90,59,0,0,3,3,7,9,0.500,247,57 2/3,49,7,28,1,63,27,25
윤길현,72862,2015,SK,3.16,70,0,0,0,4,13,17,0.000,284,62 2/3,58,7,36,2,62,25,22
윤길현,72862,2016,롯데,6.00,62,0,0,7,7,2,16,0.500,275,60,75,8,22,2,50,42,40
윤길현,72862,2017,롯데,6.41,40,0,0,1,4,0,13,0.200,182,39 1/3,46,3,16,5,43,29,28
윤길현,72862,2018,롯데,4.64,32,0,0,1,2,0,4,0.333,145,33,33,4,15,0,29,18,17
윤길현,72862,2019,롯데,10.80,6,0,0,1,1,0,0,0.500,39,5,17,2,4,2,5,14,6
손용수,72918,2004,롯데,0.00,1,0,0,0,0,0,0,-,8,2,0,0,2,1,0,0,0
우규민,73117,2004,LG,3.93,18,0,0,2,1,0,1,0.667,75,18 1/3,16,4,7,0,4,8,8
우규민,73117,2005,LG,1.17,6,0,0,1,0,0,0,1.000,30,7 2/3,7,0,2,1,4,2,1
우규민,73117,2006,LG,1.55,62,0,0,3,4,17,7,0.429,300,75 2/3,62,2,20,9,30,16,13
우규민,73117,2007,LG,2.65,62,0,0,5,6,30,0,0.455,319,78,58,3,31,7,26,24,23
우규민,73117,2008,LG,4.91,54,0,0,3,7,10,5,0.300,225,51 1/3,57,5,15,4,16,33,28
우규민,73117,2009,LG,5.70,30,0,0,0,3,7,0,0.000,173,36 1/3,46,3,16,6,22,28,23
우규민,73117,2012,LG,3.30,58,0,0,4,4,1,9,0.500,396,92 2/3,96,2,23,9,57,41,34
우규민,73117,2013,LG,3.91,30,1,1,10,8,0,2,0.556,635,147 1/3,162,5,31,12,92,67,64
우규민,73117,2014,LG,4.04,29,0,0,11,5,0,0,0.688,653,153 2/3,170,11,34,12,103,78,69
우규민,73117,2015,LG,3.42,25,1,0,11,9,0,0,0.550,621,152 2/3,163,13,17,12,119,64,58
우규민,73117,2016,LG,4.91,28,1,1,6,11,0,1,0.353,599,132,166,16,36,18,81,89,72
우규민,73117,2017,삼성,5.21,27,0,0,7,10,0,0,0.412,591,133,161,19,23,16,100,95,77
우규민,73117,2018,삼성,4.30,48,0,0,4,1,0,10,0.800,246,58 2/3,70,6,12,5,48,28,28
우규민,73117,2019,삼성,2.75,54,0,0,2,7,15,7,0.222,247,59,58,7,10,6,40,20,18
우규민,73117,2020,삼성,6.19,52,0,0,3,3,7,11,0.500,210,48,61,3,9,1,30,34,33
우규민,73117,2021,삼성,3.31,60,0,0,3,3,2,24,0.500,213,49,58,5,9,2,35,22,18
우규민,73117,2022,삼성,3.26,60,0,0,4,3,1,16,0.571,201,47,55,3,6,4,31,21,17
우규민,73117,2023,삼성,4.81,56,0,0,3,1,0,13,0.750,188,43,55,3,5,3,28,25,23
이경민,73156,2003,LG,0.00,1,0,0,0,0,0,0,-,3,1,0,0,0,0,0,0,0
김진유,73168,2003,LG,3.38,5,0,0,0,0,0,0,-,30,5 1/3,7,0,7,1,2,5,2
김진유,73168,2004,LG,9.00,1,0,0,0,0,0,0,-,6,1,1,1,2,0,0,1,1
정재복,73166,2003,LG,0.00,1,0,0,0,0,0,0,-,7,1 2/3,0,0,2,0,1,0,0
정재복,73166,2004,LG,5.13,40,0,0,4,4,2,3,0.500,376,86,87,14,37,2,56,50,49
정재복,73166,2005,LG,4.10,65,0,0,5,3,4,14,0.625,342,79,76,5,36,5,63,39,36
정재복,73166,2006,LG,3.59,29,0,0,7,10,0,0,0.412,591,143,126,9,49,3,63,64,57
정재복,73166,2007,LG,4.42,44,0,0,6,5,1,2,0.545,541,126 1/3,134,6,38,2,71,65,62
정재복,73166,2008,LG,3.89,55,0,0,4,10,13,10,0.286,303,71 2/3,71,2,28,1,44,31,31
정재복,73166,2009,LG,6.69,21,0,0,2,5,0,0,0.286,376,79 1/3,93,19,43,3,53,69,59
정재복,73166,2010,LG,4.70,16,0,0,1,1,0,0,0.500,102,23,26,2,7,0,17,15,12
정재복,73166,2012,LG,5.64,7,0,0,2,1,0,0,0.667,131,30 1/3,35,1,13,1,15,19,19
노경은,73211,2003,두산,4.12,5,0,0,3,1,0,0,0.750,79,19 2/3,12,2,12,2,8,9,9
노경은,73211,2004,두산,6.89,20,0,0,2,2,0,0,0.500,244,49 2/3,65,11,31,2,35,41,38
노경은,73211,2007,두산,4.67,29,0,0,1,2,0,1,0.333,199,44 1/3,45,2,25,3,21,25,23
노경은,73211,2008,두산,6.23,3,0,0,0,1,0,0,0.000,43,8 2/3,12,0,5,1,7,8,6
노경은,73211,2009,두산,4.50,9,0,0,0,2,0,0,0.000,107,24,18,4,19,2,11,14,12
노경은,73211,2010,두산,13.50,6,0,0,0,0,0,0,-,47,9 1/3,17,1,1,1,8,14,14
노경은,73211,2011,두산,5.17,44,0,0,5,2,3,3,0.714,290,62 2/3,71,3,36,2,53,39,36
노경은,73211,2012,두산,2.53,42,2,2,12,6,0,7,0.667,608,146,106,6,69,8,133,46,41
노경은,73211,2013,두산,3.84,30,0,0,10,10,0,0,0.500,765,180 1/3,171,16,75,6,153,88,77
노경은,73211,2014,두산,9.03,29,0,0,3,15,0,0,0.167,530,109 2/3,147,14,69,1,74,117,110
노경은,73211,2015,두산,4.47,47,0,0,1,4,4,0,0.200,267,58 1/3,57,6,37,5,41,33,29
노경은,73211,2016,롯데,6.85,22,0,0,3,12,0,0,0.200,454,94 2/3,128,13,48,5,52,79,72
노경은,73211,2017,롯데,11.66,9,0,0,0,2,0,0,0.000,76,14 2/3,25,4,8,1,8,19,19
노경은,73211,2018,롯데,4.08,33,0,0,9,6,0,0,0.600,547,132 1/3,127,18,30,4,89,65,60
노경은,73211,2020,롯데,4.87,25,1,0,5,10,0,0,0.333,574,133,139,19,40,3,77,76,72
노경은,73211,2021,롯데,7.35,14,0,0,3,5,0,0,0.375,269,56 1/3,79,11,24,4,35,50,46
노경은,73211,2022,SSG,3.05,41,0,0,12,5,1,7,0.706,323,79 2/3,69,5,23,4,55,28,27
노경은,73211,2023,SSG,3.58,76,0,0,9,5,2,30,0.643,357,83,78,4,36,4,65,33,33
전병두,73228,2003,두산,0.00,6,0,0,0,0,0,0,-,9,2,2,0,1,0,0,0,0
전병두,73228,2004,두산,5.51,35,0,0,0,4,0,1,0.000,380,81 2/3,86,11,54,5,50,56,50
전병두,73228,2005,KIA,3.00,49,0,0,3,2,5,2,0.600,240,57,37,5,36,3,55,20,19
전병두,73228,2006,KIA,4.35,44,0,0,5,8,0,1,0.385,439,101 1/3,89,8,55,5,94,51,49
전병두,73228,2007,KIA,4.18,9,0,0,3,2,0,0,0.600,122,28,23,3,14,2,9,15,13
전병두,73228,2008,SK,4.64,10,0,0,2,4,0,0,0.333,148,33,27,4,25,1,29,21,17
전병두,73228,2009,SK,3.11,49,0,0,8,4,8,1,0.667,554,133 1/3,114,13,48,2,136,50,46
전병두,73228,2010,SK,3.06,27,0,0,5,2,0,1,0.714,281,67 2/3,55,2,26,2,52,27,23
전병두,73228,2011,SK,3.80,51,0,0,3,3,3,8,0.500,395,92 1/3,67,8,56,11,87,44,39
전병두,73228,2016,SK,0.00,1,0,0,0,0,0,0,-,1,1/3,0,0,0,0,0,0,0
이리키,73229,2003,두산,3.74,39,5,1,7,11,5,0,0.389,676,159,155,17,53,9,87,68,66
김성배,73226,2004,두산,16.88,2,0,0,0,1,0,0,0.000,29,5 1/3,11,3,2,0,6,10,10
김성배,73226,2005,두산,3.17,72,0,0,8,3,2,8,0.727,332,82 1/3,71,4,24,5,60,30,29
김성배,73226,2006,두산,4.58,21,0,0,0,0,0,1,-,90,19 2/3,20,2,11,1,10,10,10
김성배,73226,2009,두산,9.50,10,0,0,0,2,0,0,0.000,88,18,29,3,7,1,7,21,19
김성배,73226,2010,두산,5.59,9,0,0,2,2,0,0,0.500,85,19 1/3,21,2,5,2,9,13,12
김성배,73226,2011,두산,5.88,31,0,0,1,5,2,4,0.167,231,52,66,4,20,1,29,38,34
김성배,73226,2012,롯데,3.21,69,0,0,3,4,2,14,0.429,223,53 1/3,46,2,20,4,33,20,19
김성배,73226,2013,롯데,3.05,58,0,0,2,4,31,4,0.333,241,59,45,1,21,3,58,20,20
김성배,73226,2014,롯데,5.98,46,0,0,1,0,4,11,1.000,199,40 2/3,54,7,22,2,32,28,27
김성배,73226,2015,롯데,7.71,45,0,0,2,3,1,5,0.400,188,39 2/3,51,2,19,2,33,34,34
김성배,73226,2016,두산,6.03,39,0,0,0,1,1,5,0.000,184,37 1/3,59,5,19,2,27,26,25
김성배,73226,2017,두산,5.32,45,0,0,2,1,1,4,0.667,192,44,47,8,9,6,33,26,26
정재훈,73241,2003,두산,10.80,5,0,0,0,1,0,0,0.000,16,3 1/3,2,1,4,0,3,4,4
정재훈,73241,2004,두산,3.14,43,0,0,3,1,0,3,0.750,332,77 1/3,74,4,33,5,66,30,27
정재훈,73241,2005,두산,2.09,51,0,0,1,6,30,0,0.143,231,56,38,2,22,5,60,15,13
정재훈,73241,2006,두산,1.33,53,0,0,2,3,38,0,0.400,223,54,33,3,28,4,65,9,8
정재훈,73241,2007,두산,2.44,52,0,0,5,3,25,0,0.625,263,59,54,2,32,5,54,22,16
정재훈,73241,2008,두산,3.23,42,0,0,3,3,18,0,0.500,221,53,44,2,16,4,39,22,19
정재훈,73241,2009,두산,4.44,32,0,0,5,5,0,4,0.500,405,93 1/3,99,6,29,7,80,48,46
정재훈,73241,2010,두산,1.73,63,0,0,8,4,2,23,0.667,307,78,52,2,28,4,89,16,15
정재훈,73241,2011,두산,2.87,45,0,0,2,6,8,9,0.250,247,62 2/3,47,5,22,3,65,23,20
정재훈,73241,2012,두산,4.50,4,0,0,0,1,0,0,0.000,17,4,3,1,1,0,1,3,2
정재훈,73241,2013,두산,3.44,55,0,0,4,1,14,7,0.800,222,52 1/3,46,3,17,3,38,26,20
정재훈,73241,2014,두산,5.37,54,0,0,1,5,2,15,0.167,230,53 2/3,50,6,19,6,56,33,32
정재훈,73241,2015,롯데,7.11,10,0,0,0,0,0,0,-,40,6 1/3,16,1,6,0,5,8,5
정재훈,73241,2016,두산,3.27,46,0,0,1,5,2,23,0.167,219,52 1/3,43,3,17,5,56,21,19
김승회,73248,2003,두산,4.38,34,0,0,1,3,0,6,0.250,217,51 1/3,47,3,20,4,40,27,25
김승회,73248,2005,두산,4.00,7,0,0,0,1,0,0,0.000,39,9,8,2,3,1,7,4,4
김승회,73248,2006,두산,3.95,61,0,0,6,5,0,10,0.545,343,79 2/3,82,4,36,2,68,41,35
김승회,73248,2007,두산,4.54,42,0,0,2,6,0,8,0.250,376,83 1/3,93,12,32,4,36,45,42
김승회,73248,2010,두산,4.24,25,0,0,0,1,0,2,0.000,165,40 1/3,38,6,10,2,26,20,19
김승회,73248,2011,두산,4.68,24,0,0,3,3,0,0,0.500,282,65 1/3,61,7,33,6,53,39,34
김승회,73248,2012,두산,4.04,24,0,0,6,7,0,0,0.462,497,120 1/3,109,9,38,4,62,62,54
김승회,73248,2013,롯데,5.30,53,0,0,4,7,2,8,0.364,338,73,92,6,29,3,54,49,43
김승회,73248,2014,롯데,3.05,54,0,0,1,2,20,4,0.333,229,56,47,4,18,3,40,19,19
김승회,73248,2015,롯데,6.24,39,0,0,7,3,2,2,0.700,343,75,96,13,28,4,50,52,52
김승회,73248,2016,SK,5.92,23,0,0,1,1,0,4,0.500,105,24 1/3,29,4,9,0,19,16,16
김승회,73248,2017,두산,4.96,69,0,0,7,4,0,11,0.636,304,69,86,6,17,6,41,38,38
김승회,73248,2018,두산,3.46,55,0,0,3,4,3,11,0.429,242,54 2/3,54,6,23,5,34,26,21
김승회,73248,2019,두산,3.07,55,0,0,3,3,3,7,0.500,250,58 2/3,57,1,16,2,46,24,20
바워스,73322,2003,현대,3.01,24,0,0,13,4,1,1,0.765,601,143 2/3,145,12,46,9,85,58,48
신동민,73317,2003,현대,7.30,9,0,0,2,1,0,0,0.667,57,12 1/3,16,4,4,2,10,12,10
신동민,73317,2004,현대,0.00,1,0,0,0,0,0,0,-,8,1 2/3,2,0,1,0,2,0,0
노환수,73343,2005,현대,3.92,52,0,0,1,1,0,7,0.500,184,43 2/3,36,6,13,7,38,22,19
노환수,73343,2006,현대,4.91,14,0,0,0,0,0,0,-,38,7 1/3,8,1,7,2,2,4,4
노환수,73343,2007,현대,3.12,51,0,0,1,0,0,10,1.000,118,26,23,2,15,1,24,10,9
노환수,73343,2008,우리,4.39,51,0,0,1,3,1,8,0.250,119,26 2/3,30,2,9,1,17,16,13
노환수,73343,2009,히어로즈,0.00,1,0,0,0,0,0,0,-,1,1/3,0,0,0,0,0,0,0
임동규,73413,2003,삼성,13.50,2,0,0,0,0,0,0,-,11,2,4,2,1,0,2,3,3
임동규,73413,2005,삼성,2.74,21,0,0,4,2,0,0,0.667,254,62 1/3,55,5,19,1,39,21,19
임동규,73413,2006,삼성,3.91,34,0,0,8,7,0,3,0.533,588,138,136,20,41,8,59,69,60
임동규,73413,2007,삼성,5.59,30,0,0,1,2,0,0,0.333,317,67 2/3,86,11,29,5,36,45,42
김문수,73419,2003,삼성,15.43,2,0,0,0,0,0,0,-,19,2 1/3,9,0,1,0,1,11,4
김문수,73419,2004,삼성,0.00,1,0,0,0,0,0,0,-,5,2/3,0,0,1,2,0,0,0
김문수,73419,2007,삼성,2.25,11,0,0,0,1,0,0,0.000,47,12,8,1,2,3,5,3,3
김문수,73419,2008,삼성,8.10,8,0,0,1,0,0,0,1.000,32,6 2/3,11,2,2,0,3,6,6
라이언,73424,2003,삼성,5.02,15,0,0,1,3,1,0,0.250,250,57 1/3,65,5,16,3,28,33,32
이석만,73508,2003,롯데,3.00,4,0,0,0,0,0,0,-,11,3,1,0,2,0,1,1,1
이석만,73508,2005,롯데,4.05,4,0,0,0,0,0,0,-,29,6 2/3,7,0,2,1,7,3,3
김휘곤,73521,2003,롯데,0.00,1,0,0,0,0,0,0,-,1,1/3,0,0,0,0,0,0,0
김휘곤,73521,2008,롯데,9.00,1,0,0,0,1,0,0,0.000,18,4,8,0,2,0,1,4,4
양성제,73537,2003,롯데,4.89,50,0,0,1,6,0,6,0.143,451,99 1/3,121,12,37,9,42,65,54
양성제,73537,2004,롯데,6.75,2,0,0,0,1,0,0,0.000,31,5 1/3,12,0,1,1,5,6,4
김주용,73565,2003,롯데,7.11,3,0,0,0,0,0,0,-,33,6 1/3,9,0,3,1,2,5,5
고우석,73629,2003,KIA,3.88,37,0,0,3,1,0,2,0.750,249,58,57,5,21,5,38,26,25
고우석,73629,2004,KIA,9.90,18,0,0,0,5,0,0,0.000,153,30,44,8,20,3,27,37,33
고우석,73629,2007,KIA,10.80,3,0,0,0,1,0,0,0.000,25,5,7,0,3,1,7,6,6
고우석,73629,2008,KIA,5.49,13,0,0,0,0,0,0,-,85,19 2/3,14,1,8,8,10,12,12
고우석,73629,2009,KIA,3.75,8,0,0,0,0,1,0,-,57,12,14,2,9,3,12,5,5
고우석,73629,2011,KIA,0.00,2,0,0,0,0,0,0,-,5,1 1/3,0,0,2,0,2,0,0
고우석,73629,2012,KIA,5.40,5,0,0,1,0,0,0,1.000,33,6 2/3,9,0,5,0,9,4,4
조태수,73657,2003,KIA,3.91,18,0,0,0,1,0,1,0.000,108,25 1/3,21,3,14,3,12,13,11
조태수,73657,2004,KIA,0.00,1,0,0,0,0,0,0,-,5,1,1,0,0,0,0,0,0
조태수,73657,2005,KIA,5.75,25,0,0,0,1,0,1,0.000,169,36,47,9,14,3,27,27,23
조태수,73657,2006,KIA,5.10,19,0,0,1,1,0,0,0.500,134,30,37,0,9,2,8,17,17
조태수,73657,2009,KIA,18.00,3,0,0,0,0,0,0,-,24,4,8,2,3,1,3,8,8
조태수,73657,2010,KIA,3.95,31,0,0,0,0,0,0,-,190,43 1/3,55,2,11,1,23,21,19
조태수,73657,2011,KIA,4.97,21,0,0,0,0,0,0,-,120,29,31,4,9,0,16,16,16
조태수,73657,2012,KIA,10.13,3,0,0,0,0,0,0,-,14,2 2/3,3,1,3,0,1,3,3
임준혁,73632,2004,KIA,2.45,3,0,0,0,0,0,0,-,18,3 2/3,3,1,2,1,1,1,1
임준혁,73632,2006,KIA,16.88,4,0,0,0,0,0,0,-,18,2 2/3,7,1,2,1,2,5,5
임준혁,73632,2007,KIA,1.74,7,0,0,0,0,0,0,-,50,10 1/3,8,0,12,1,4,3,2
임준혁,73632,2008,KIA,4.59,40,0,0,5,5,0,2,0.500,309,66 2/3,63,3,38,12,48,34,34
임준혁,73632,2009,KIA,6.75,29,0,0,2,1,1,1,0.667,190,38 2/3,49,3,27,2,32,32,29
임준혁,73632,2011,KIA,6.75,4,0,0,0,1,0,1,0.000,21,4,5,0,2,3,3,3,3
임준혁,73632,2012,KIA,7.71,7,0,0,0,0,0,0,-,28,4 2/3,7,0,6,1,4,4,4
임준혁,73632,2013,KIA,27.00,1,0,0,0,0,0,0,-,8,1,4,0,1,0,1,3,3
임준혁,73632,2014,KIA,5.06,30,0,0,1,3,0,2,0.250,145,32,34,3,18,2,17,24,18
임준혁,73632,2015,KIA,4.10,27,0,0,9,6,0,2,0.600,514,118 2/3,125,11,43,8,73,58,54
임준혁,73632,2016,SK,10.06,12,0,0,2,6,0,0,0.250,169,34,57,6,10,2,20,41,38
임준혁,73632,2017,SK,4.57,43,0,0,0,0,1,2,-,223,45 1/3,54,4,29,5,30,27,23
임준혁,73632,2018,SK,7.36,6,0,0,0,0,0,0,-,35,7 1/3,12,0,3,0,2,6,6
존슨,73653,2003,KIA,3.00,18,1,0,8,1,3,1,0.889,281,69,49,8,31,2,53,24,23
존슨,73653,2005,KIA,5.96,5,0,0,1,1,0,0,0.500,121,25 2/3,31,6,12,5,23,17,17
존슨,73653,2009,SK,13.50,2,0,0,0,0,0,0,-,10,1 1/3,3,0,3,1,2,2,2
문용민,73720,2003,한화,2.19,19,0,0,0,0,0,0,-,53,12 1/3,7,0,11,0,3,3,3
문용민,73720,2004,한화,4.67,37,0,0,1,1,0,4,0.500,77,17 1/3,19,4,6,1,13,10,9
문용민,73720,2008,한화,13.50,3,0,0,0,0,0,0,-,3,2/3,2,0,0,0,0,1,1
안영명,73738,2003,한화,3.89,34,0,0,3,0,2,1,1.000,191,44,44,6,15,2,26,19,19
안영명,73738,2004,한화,6.46,8,0,0,0,1,0,0,0.000,72,15 1/3,16,1,9,4,7,11,11
안영명,73738,2005,한화,6.10,10,0,0,0,2,0,0,0.000,102,20 2/3,26,3,12,2,14,17,14
안영명,73738,2006,한화,3.29,32,1,0,3,4,0,5,0.429,325,76 2/3,71,9,31,4,48,30,28
안영명,73738,2007,한화,3.06,61,0,0,1,1,5,15,0.500,390,94,78,9,39,4,79,33,32
안영명,73738,2008,한화,5.31,46,0,0,7,1,2,5,0.875,265,57 2/3,56,11,40,4,39,35,34
안영명,73738,2009,한화,5.18,26,0,0,11,8,0,0,0.579,609,140 2/3,148,34,45,7,87,88,81
안영명,73738,2010,KIA,6.75,47,0,0,6,8,3,3,0.429,319,69 1/3,80,15,35,3,82,54,52
안영명,73738,2011,한화,4.15,3,0,0,0,0,0,0,-,24,4 1/3,7,2,2,0,4,6,2
안영명,73738,2014,한화,4.52,48,0,0,7,6,4,6,0.538,447,97 2/3,114,8,36,13,64,59,49
안영명,73738,2015,한화,5.10,35,0,0,10,6,0,1,0.625,568,125 1/3,137,15,60,11,82,77,71
안영명,73738,2016,한화,20.25,2,0,0,0,1,0,0,0.000,22,2 2/3,9,0,4,0,1,10,6
안영명,73738,2017,한화,5.75,25,0,0,1,8,0,0,0.111,410,87 2/3,123,11,28,5,54,62,56
안영명,73738,2018,한화,5.73,53,0,0,8,2,0,8,0.800,291,66,83,12,15,4,48,44,42
안영명,73738,2019,한화,3.92,67,0,0,4,7,0,13,0.364,273,62,82,5,13,3,48,27,27
안영명,73738,2020,한화,5.91,39,0,0,1,1,0,1,0.500,201,45 2/3,51,9,18,2,34,32,30
안영명,73738,2021,KT,4.08,35,0,0,0,1,0,4,0.000,145,35 1/3,24,2,11,1,32,17,16
안영명,73738,2022,KT,2.70,4,0,0,0,0,0,0,-,13,3 1/3,3,0,0,0,1,1,1
에스트라다,73746,2003,한화,4.71,7,1,1,1,3,0,0,0.250,157,36 1/3,30,9,13,7,26,22,19
송은범,73801,2003,SK,6.78,45,0,0,6,5,4,7,0.545,341,71 2/3,89,10,41,8,50,59,54
송은범,73801,2004,SK,5.19,27,0,0,2,5,0,1,0.286,271,59,65,11,32,5,32,38,34
송은범,73801,2005,SK,0.00,4,0,0,1,0,0,0,1.000,18,4 2/3,2,0,1,0,3,0,0
송은범,73801,2006,SK,4.55,25,0,0,4,3,0,0,0.571,292,61 1/3,69,5,33,7,34,37,31
송은범,73801,2007,SK,3.01,24,0,0,6,3,0,2,0.667,299,71 2/3,68,5,32,2,33,29,24
송은범,73801,2008,SK,3.77,27,0,0,8,6,0,0,0.571,491,114 2/3,129,6,34,3,77,56,48
송은범,73801,2009,SK,3.13,31,1,0,12,3,0,0,0.800,637,149 1/3,155,17,49,5,103,59,52
송은범,73801,2010,SK,2.30,44,0,0,8,5,8,4,0.615,519,125,103,12,48,6,91,38,32
송은범,73801,2011,SK,3.43,38,0,0,8,8,1,4,0.500,343,78 2/3,71,10,45,2,55,34,30
송은범,73801,2012,SK,4.15,20,0,0,8,3,0,0,0.727,413,97 2/3,98,6,44,2,72,45,45
송은범,73801,2013,KIA,7.35,41,0,0,1,7,5,6,0.125,240,49,71,4,27,0,29,41,40
송은범,73801,2014,KIA,7.32,27,0,0,4,8,0,0,0.333,390,78 2/3,114,11,43,5,60,73,64
송은범,73801,2015,한화,7.04,33,0,0,2,9,4,1,0.182,341,70 1/3,103,10,30,4,48,59,55
송은범,73801,2016,한화,6.42,30,0,0,2,11,0,1,0.154,562,122,159,13,49,5,85,95,87
송은범,73801,2017,한화,6.51,13,0,0,0,4,1,0,0.000,177,37 1/3,45,4,23,3,15,30,27
송은범,73801,2018,한화,2.50,68,0,0,7,4,1,10,0.636,341,79 1/3,77,2,33,5,61,29,22
송은범,73801,2019,LG,5.25,63,0,0,2,6,1,9,0.250,281,60,80,6,23,3,36,38,35
송은범,73801,2020,LG,4.50,56,0,0,4,2,2,6,0.667,247,56,66,4,19,3,28,29,28
송은범,73801,2021,LG,4.10,35,0,0,2,2,0,4,0.500,155,37 1/3,34,1,13,2,19,18,17
송은범,73801,2022,LG,4.05,25,0,0,1,1,0,2,0.500,116,26 2/3,29,3,10,0,13,13,12
송은범,73801,2023,LG,2.45,4,0,0,0,0,0,0,-,17,3 2/3,6,0,3,0,2,1,1
윤규진,73750,2003,한화,6.43,8,0,0,0,1,1,0,0.000,64,14,20,2,3,0,5,10,10
윤규진,73750,2004,한화,4.57,28,1,0,3,4,3,0,0.429,369,84 2/3,85,8,36,8,63,50,43
윤규진,73750,2005,한화,3.34,53,0,0,4,4,5,9,0.500,293,67 1/3,69,6,28,8,55,29,25
윤규진,73750,2007,한화,3.95,8,0,0,0,1,0,1,0.000,55,13 2/3,12,0,7,0,10,6,6
윤규진,73750,2008,한화,3.76,42,0,0,5,2,1,12,0.714,299,69 1/3,64,3,41,6,47,33,29
윤규진,73750,2009,한화,7.26,32,0,0,1,4,0,0,0.200,265,53 1/3,70,9,37,4,46,53,43
윤규진,73750,2010,한화,3.38,47,0,0,1,2,0,4,0.333,269,58 2/3,57,3,36,5,45,28,22
윤규진,73750,2011,한화,8.53,17,0,0,1,1,0,0,0.500,108,19,30,2,21,3,20,18,18
윤규진,73750,2014,한화,4.63,43,0,0,7,2,9,3,0.778,311,72,69,11,31,1,73,39,37
윤규진,73750,2015,한화,2.66,40,0,0,3,2,10,3,0.600,205,50 2/3,39,3,21,0,48,15,15
윤규진,73750,2016,한화,6.82,41,0,0,7,7,1,3,0.500,472,100 1/3,125,19,54,8,74,78,76
윤규진,73750,2017,한화,5.22,36,0,0,8,7,0,2,0.533,526,119,138,19,44,4,93,71,69
윤규진,73750,2018,한화,5.89,18,0,0,2,6,0,0,0.250,381,84,99,14,30,6,81,63,55
윤규진,73750,2019,한화,10.38,3,0,0,0,0,0,0,-,20,4 1/3,6,0,1,0,1,5,5
윤규진,73750,2020,한화,7.36,2,0,0,0,0,0,0,-,19,3 2/3,7,1,1,0,4,5,3
스미스,73823,2003,SK,4.20,30,1,1,7,10,0,0,0.412,662,152,157,9,61,9,82,84,71
이영욱,73825,2005,SK,2.51,39,0,0,1,0,0,1,1.000,269,64 2/3,59,5,15,11,41,19,18
이영욱,73825,2006,SK,3.11,55,0,0,6,5,0,3,0.545,382,92 2/3,87,5,28,6,52,36,32
이영욱,73825,2007,SK,4.83,26,0,0,3,3,0,1,0.500,270,59 2/3,70,6,20,9,24,35,32
이영욱,73825,2008,SK,3.60,19,0,0,2,3,0,2,0.400,187,45,33,3,16,5,44,21,18
이영욱,73825,2011,SK,4.59,20,0,0,4,4,0,0,0.500,273,66 2/3,58,8,17,7,46,35,34
이영욱,73825,2012,SK,5.57,11,0,0,0,2,0,0,0.000,142,32 1/3,28,3,17,5,15,20,20
이영욱,73825,2013,SK,27.00,1,0,0,0,0,0,0,-,6,1,2,1,0,1,1,3,3
조진호,73830,2003,SK,5.20,19,0,0,4,5,0,0,0.444,347,79 2/3,99,10,17,3,22,50,46
조진호,73830,2008,삼성,7.45,11,0,0,1,3,0,0,0.250,135,29,40,3,10,1,11,24,24
조진호,73830,2009,삼성,8.10,4,0,0,0,1,0,1,0.000,50,10,14,1,6,0,6,9,9
후타도,74123,2004,LG,5.79,6,0,0,0,4,0,0,0.000,138,28,36,1,21,2,13,24,18
쿠퍼,74124,2004,LG,4.75,15,0,0,4,4,0,1,0.500,266,60 2/3,66,8,25,4,31,35,32
손기현,74146,2005,LG,6.00,4,0,0,0,0,0,0,-,14,3,2,1,1,2,3,2,2
민경수,74130,2004,LG,5.30,44,0,0,0,3,0,7,0.000,81,18 2/3,18,2,7,1,14,12,11
민경수,74130,2005,LG,3.74,60,0,0,0,0,0,9,-,101,21 2/3,27,0,14,1,16,9,9
민경수,74130,2006,LG,2.76,33,0,0,0,1,0,4,0.000,75,16 1/3,14,1,12,1,14,6,5
민경수,74130,2007,LG,6.23,7,0,0,0,0,0,1,-,18,4 1/3,5,0,0,0,2,3,3
민경수,74130,2010,LG,6.00,4,0,0,0,0,0,0,-,14,3,5,0,1,0,3,2,2
장진용,74139,2004,LG,5.40,5,0,0,0,1,0,0,0.000,80,16 2/3,22,1,11,1,12,11,10
장진용,74139,2005,LG,7.98,12,0,0,2,0,0,0,1.000,75,14 2/3,13,2,13,2,14,13,13
장진용,74139,2006,LG,7.47,6,0,0,0,0,0,0,-,73,15 2/3,19,1,9,0,5,15,13
장진용,74139,2008,LG,7.27,4,0,0,0,1,0,0,0.000,46,8 2/3,13,1,7,0,5,9,7
장진용,74139,2014,LG,2.45,4,0,0,0,2,0,0,0.000,34,7 1/3,8,1,2,1,5,6,2
장진용,74139,2015,LG,6.40,11,0,0,1,3,0,0,0.250,150,32 1/3,43,5,7,5,20,26,23
장진용,74139,2016,LG,20.25,2,0,0,0,0,0,0,-,31,5 1/3,9,3,6,0,2,12,12
송현우,74160,2004,LG,3.60,6,0,0,0,0,0,0,-,24,5,4,0,7,0,0,3,2
송현우,74160,2005,LG,4.82,33,0,0,1,1,0,3,0.500,171,37 1/3,41,5,20,3,23,23,20
송현우,74160,2006,LG,20.25,3,0,0,0,0,0,0,-,35,5 1/3,14,0,5,2,4,12,12
송현우,74160,2007,LG,5.57,13,0,0,0,0,0,0,-,103,21,22,1,17,3,8,14,13
송현우,74160,2008,LG,3.12,15,0,0,0,0,0,0,-,72,17 1/3,15,1,5,1,11,6,6
이경민,74219,2004,두산,0.00,2,0,0,0,0,0,0,-,10,2 2/3,2,0,0,0,2,0,0
이경민,74219,2005,두산,5.40,1,0,0,0,0,0,0,-,21,5,5,1,4,0,3,3,3
심수창,74167,2004,LG,4.55,16,0,0,2,1,1,1,0.667,136,29 2/3,41,8,7,3,18,20,15
심수창,74167,2005,LG,4.22,19,0,0,0,1,0,1,0.000,144,32,33,1,17,1,21,18,15
심수창,74167,2006,LG,4.38,29,0,0,10,9,0,0,0.526,595,135 2/3,147,17,52,8,56,73,66
심수창,74167,2007,LG,4.31,56,0,0,3,5,2,10,0.375,347,77 1/3,83,4,40,0,47,39,37
심수창,74167,2008,LG,5.16,16,0,0,6,5,0,0,0.545,315,66 1/3,97,4,22,4,20,42,38
심수창,74167,2009,LG,5.31,21,0,0,6,12,0,0,0.333,550,122,143,21,57,7,57,74,72
심수창,74167,2010,LG,7.57,12,0,0,0,4,0,1,0.000,174,35 2/3,58,3,15,4,7,30,30
심수창,74167,2011,넥센,5.01,28,1,0,2,13,0,0,0.133,498,109 2/3,138,12,42,6,52,67,61
심수창,74167,2012,넥센,7.30,21,0,0,0,5,0,0,0.000,198,40 2/3,58,3,21,2,24,36,33
심수창,74167,2014,롯데,9.15,11,0,0,0,0,2,0,-,89,19 2/3,24,7,8,0,14,20,20
심수창,74167,2015,롯데,6.01,39,0,0,4,6,5,3,0.400,340,73 1/3,99,9,29,3,76,56,49
심수창,74167,2016,한화,5.96,66,0,0,5,5,2,6,0.500,529,113 1/3,138,14,58,4,76,86,75
심수창,74167,2017,한화,4.74,48,0,0,3,1,2,2,0.750,260,57,71,8,22,2,54,32,30
심수창,74167,2018,한화,15.43,3,0,0,0,0,0,0,-,13,2 1/3,7,2,0,0,2,4,4
심수창,74167,2019,LG,6.17,5,0,0,1,1,0,0,0.500,57,11 2/3,17,1,7,0,12,8,8
김수훈,74229,2004,두산,27.00,1,0,0,0,0,0,0,-,7,1,4,1,0,0,0,3,3
이원희,74247,2004,두산,0.00,3,0,0,0,0,0,0,-,10,2 2/3,2,0,0,0,2,0,0
이원희,74247,2005,두산,3.86,43,0,0,3,2,0,2,0.600,249,56,59,6,28,4,33,25,24
이원희,74247,2006,두산,3.38,4,0,0,0,0,0,0,-,22,5 1/3,6,1,1,1,6,2,2
이원희,74247,2007,두산,-,1,0,0,0,1,0,0,0.000,4,0,3,1,1,0,0,4,4
김무학,74260,2004,두산,9.00,1,0,0,0,0,0,0,-,10,2,3,0,1,1,0,2,2
피어리,74336,2004,현대,3.32,28,0,0,16,6,0,0,0.727,759,181 2/3,166,24,61,9,130,73,67
박건우,74363,2010,LG,4.06,13,0,0,1,0,1,0,1.000,134,31,30,2,16,1,22,16,14
박건우,74363,2011,LG,81.00,1,0,0,0,0,0,0,-,7,1/3,3,0,2,0,0,4,3
박건우,74363,2012,롯데,5.79,4,0,0,0,0,0,0,-,20,4 2/3,5,1,2,0,3,3,3
오주원,74359,2004,현대,3.99,30,1,0,10,9,0,0,0.526,625,149,135,16,53,5,113,71,66
오주원,74359,2005,현대,6.01,22,0,0,1,11,0,0,0.083,327,70 1/3,79,5,44,2,37,57,47
오주원,74359,2006,현대,4.61,4,0,0,1,1,0,0,0.500,58,13 2/3,9,0,10,1,5,7,7
오주원,74359,2009,히어로즈,4.08,52,0,0,1,2,0,5,0.333,167,39 2/3,39,3,17,1,25,18,18
오주원,74359,2010,넥센,2.38,69,0,0,1,1,0,9,0.500,187,45 1/3,39,4,15,2,28,15,12
오주원,74359,2011,넥센,3.53,64,0,0,2,2,1,20,0.500,178,43 1/3,38,4,18,1,29,19,17
오주원,74359,2012,넥센,5.19,26,0,0,1,3,1,4,0.250,113,26,26,6,13,1,18,15,15
오주원,74359,2013,넥센,2.40,10,0,0,4,0,0,1,1.000,169,41 1/3,28,1,18,1,31,13,11
오주원,74359,2014,넥센,6.45,21,0,0,5,6,0,0,0.455,341,74,99,14,33,3,31,59,53
오주원,74359,2015,넥센,9.33,9,0,0,0,2,0,0,0.000,96,18 1/3,31,4,12,1,11,19,19
오주원,74359,2016,넥센,4.41,55,0,0,3,2,2,7,0.600,220,51,50,3,17,4,40,25,25
오주원,74359,2017,넥센,4.76,57,0,0,2,7,1,18,0.222,329,73 2/3,96,10,15,2,56,44,39
오주원,74359,2018,넥센,6.19,61,0,0,3,6,1,15,0.333,226,52 1/3,61,8,13,1,36,37,36
오주원,74359,2019,키움,2.32,57,0,0,3,3,18,3,0.500,223,54 1/3,54,1,7,3,41,17,14
오주원,74359,2020,키움,5.40,25,0,0,3,1,0,2,0.750,78,18 1/3,22,6,0,0,13,12,11
오주원,74359,2021,키움,9.31,22,0,0,1,1,1,0,0.500,94,19 1/3,35,3,4,0,11,20,20
호지스,74458,2004,삼성,4.24,30,0,0,9,10,0,0,0.474,719,163 1/3,158,15,81,21,123,91,77
채형직,74453,2006,삼성,4.99,26,0,0,1,1,0,1,0.500,134,30 2/3,32,4,19,0,19,17,17
윤성환,74454,2004,삼성,4.84,56,0,0,4,7,1,17,0.364,299,67,60,7,35,6,71,41,36
윤성환,74454,2007,삼성,1.04,36,0,0,3,0,0,8,1.000,170,43 1/3,24,2,17,1,43,6,5
윤성환,74454,2008,삼성,3.92,35,0,0,10,11,0,2,0.476,580,135 1/3,132,8,45,7,102,66,59
윤성환,74454,2009,삼성,4.32,30,2,0,14,5,0,0,0.737,690,166 2/3,163,19,34,10,131,83,80
윤성환,74454,2010,삼성,5.91,28,0,0,3,6,0,1,0.333,363,80 2/3,104,12,19,2,54,55,53
윤성환,74454,2011,삼성,3.54,24,0,0,14,5,0,0,0.737,584,137 1/3,151,8,30,3,83,62,54
윤성환,74454,2012,삼성,2.84,19,1,0,9,6,0,0,0.600,469,114,112,6,26,4,81,36,36
윤성환,74454,2013,삼성,3.27,27,1,1,13,8,0,0,0.619,702,170 2/3,167,16,37,4,122,69,62
윤성환,74454,2014,삼성,4.39,28,1,1,12,7,0,0,0.632,728,170 1/3,196,18,37,8,133,87,83
윤성환,74454,2015,삼성,3.76,30,3,1,17,8,0,0,0.680,809,194,199,27,30,10,164,86,81
윤성환,74454,2016,삼성,4.35,28,1,0,11,10,0,0,0.524,767,180,202,25,41,13,85,95,87
윤성환,74454,2017,삼성,4.28,28,1,0,12,9,0,0,0.571,731,174 1/3,181,22,37,15,130,86,83
윤성환,74454,2018,삼성,6.98,24,0,0,5,9,0,0,0.357,542,117 1/3,164,28,32,9,89,99,91
윤성환,74454,2019,삼성,4.77,27,1,1,8,13,0,0,0.381,643,145 1/3,168,14,50,7,65,87,77
윤성환,74454,2020,삼성,5.79,5,1,0,0,2,0,0,0.000,84,18 2/3,19,0,11,3,4,14,12
김수화,74529,2005,롯데,6.48,4,0,0,0,1,0,0,0.000,38,8 1/3,9,1,6,0,5,6,6
김수화,74529,2006,롯데,7.55,19,1,0,1,9,0,0,0.100,268,56,71,8,31,1,21,50,47
장원준,74513,2004,롯데,5.63,33,1,0,3,8,0,1,0.273,388,84 2/3,84,8,57,5,36,55,53
장원준,74513,2005,롯데,5.11,28,1,0,5,6,0,1,0.455,477,107 1/3,105,9,53,5,79,65,61
장원준,74513,2006,롯데,3.61,29,1,0,7,12,0,0,0.368,755,179 2/3,152,14,75,9,130,85,72
장원준,74513,2007,롯데,4.67,32,0,0,8,12,0,0,0.400,707,156,171,14,69,9,103,87,81
장원준,74513,2008,롯데,3.53,26,4,1,12,10,0,0,0.545,675,155 2/3,162,12,54,4,102,75,61
장원준,74513,2009,롯데,4.15,28,1,1,13,8,0,0,0.619,727,162 2/3,175,16,82,6,108,83,75
장원준,74513,2010,롯데,4.43,26,3,2,12,6,0,0,0.667,623,144 1/3,158,24,48,8,113,77,71
장원준,74513,2011,롯데,3.14,29,0,0,15,6,0,0,0.714,774,180 2/3,195,7,62,9,129,72,63
장원준,74513,2014,롯데,4.59,27,0,0,10,9,0,0,0.526,674,155,160,15,67,3,107,87,79
장원준,74513,2015,두산,4.08,30,1,0,12,12,0,0,0.500,748,169 2/3,182,13,68,14,128,86,77
장원준,74513,2016,두산,3.32,27,0,0,15,6,0,0,0.714,727,168,161,14,76,9,137,66,62
장원준,74513,2017,두산,3.14,29,1,1,14,9,0,0,0.609,760,180 1/3,172,12,51,14,125,70,63
장원준,74513,2018,두산,9.92,24,0,0,3,7,0,2,0.300,349,71 2/3,101,12,33,11,46,81,79
장원준,74513,2019,두산,9.00,6,0,0,0,0,0,0,-,14,2,5,0,3,1,1,2,2
장원준,74513,2020,두산,12.71,2,0,0,0,1,0,0,0.000,30,5 2/3,9,1,6,0,2,8,8
장원준,74513,2021,두산,6.75,32,0,0,0,1,1,4,0.000,95,18 2/3,20,1,18,2,8,15,14
장원준,74513,2022,두산,3.71,27,0,0,0,1,0,6,0.000,78,17,23,0,7,1,7,8,7
장원준,74513,2023,두산,5.27,11,0,0,3,5,0,0,0.375,183,41,53,4,11,2,24,27,24
이정동,74548,2009,롯데,2.45,4,0,0,0,0,0,1,-,19,3 2/3,7,0,2,0,2,1,1
최대성,74543,2004,롯데,2.84,6,0,0,0,0,0,0,-,29,6 1/3,8,1,3,0,2,2,2
최대성,74543,2005,롯데,9.20,11,0,0,0,1,0,0,0.000,76,14 2/3,25,2,5,4,8,17,15
최대성,74543,2006,롯데,6.60,23,0,0,1,3,1,0,0.250,149,30,43,2,17,3,27,23,22
최대성,74543,2007,롯데,2.67,41,0,0,3,2,0,7,0.600,229,57 1/3,39,0,26,5,53,17,17
최대성,74543,2008,롯데,9.00,2,0,0,0,0,0,0,-,7,1,1,0,2,1,0,1,1
최대성,74543,2012,롯데,3.59,71,0,0,8,8,1,17,0.500,286,67 2/3,65,5,24,5,50,31,27
최대성,74543,2013,롯데,5.79,13,0,0,0,0,0,1,-,49,9 1/3,13,1,6,0,9,8,6
최대성,74543,2014,롯데,2.58,41,0,0,2,2,0,1,0.500,198,45 1/3,41,1,25,3,43,17,13
최대성,74543,2015,KT,13.50,8,0,0,0,0,0,0,-,19,2 2/3,4,1,7,0,0,4,4
최대성,74543,2018,두산,11.70,8,0,0,0,0,0,0,-,52,10,15,3,8,0,10,13,13
최대성,74543,2019,두산,-,1,0,0,0,0,0,0,-,3,0,0,0,2,0,0,3,2
허준혁,74556,2004,롯데,1.93,5,0,0,0,0,0,0,-,19,4 2/3,4,0,2,0,1,1,1
허준혁,74556,2007,롯데,4.41,10,0,0,1,1,0,0,0.500,80,16 1/3,26,1,4,3,4,10,8
허준혁,74556,2008,롯데,18.00,4,0,0,0,1,0,0,0.000,20,3,9,0,2,0,1,6,6
허준혁,74556,2009,롯데,13.50,1,0,0,0,1,0,0,0.000,27,5 1/3,8,3,1,1,1,9,8
허준혁,74556,2010,롯데,6.43,19,0,0,0,1,1,0,0.000,96,21,29,2,7,1,14,16,15
허준혁,74556,2011,롯데,4.82,13,0,0,0,0,0,0,-,79,18 2/3,13,1,8,3,8,10,10
허준혁,74556,2012,롯데,0.00,5,0,0,0,0,0,0,-,27,7 2/3,4,0,2,0,2,0,0
허준혁,74556,2013,롯데,4.58,11,0,0,0,1,0,0,0.000,73,17 2/3,14,1,10,2,13,9,9
허준혁,74556,2014,롯데,9.00,2,0,0,0,0,0,0,-,12,2,3,0,1,1,1,3,2
허준혁,74556,2015,롯데,21.60,3,0,0,0,0,0,0,-,12,1 2/3,6,0,0,0,0,5,4
박근홍,74630,2005,KIA,6.47,46,0,0,0,4,1,4,0.000,205,40 1/3,48,0,33,6,37,32,29
박근홍,74630,2006,KIA,3.57,33,0,0,1,0,0,4,1.000,180,40 1/3,35,2,24,4,29,18,16
박근홍,74630,2008,KIA,6.35,8,0,0,0,0,0,0,-,35,5 2/3,11,1,6,1,2,5,4
박근홍,74630,2011,KIA,0.00,1,0,0,0,0,0,0,-,4,1,0,0,1,0,0,0,0
박근홍,74630,2012,삼성,1.29,6,0,0,0,0,0,0,-,30,7,3,1,5,1,6,1,1
박근홍,74630,2013,삼성,5.25,14,0,0,0,1,0,0,0.000,52,12,13,0,4,0,13,7,7
박근홍,74630,2014,삼성,4.45,42,0,0,1,0,0,5,1.000,141,30 1/3,25,4,28,3,26,16,15
박근홍,74630,2015,삼성,2.96,66,0,0,2,2,0,8,0.500,212,48 2/3,39,3,24,6,55,20,16
박근홍,74630,2016,삼성,7.46,60,0,0,0,2,0,9,0.000,192,41,42,5,27,4,40,34,34
박근홍,74630,2017,삼성,9.39,24,0,0,0,0,0,1,-,76,15 1/3,13,2,14,3,14,17,16
박근홍,74630,2018,삼성,7.43,22,0,0,2,0,0,0,1.000,117,23,28,3,12,6,27,21,19
박근홍,74630,2019,롯데,6.11,24,0,0,1,0,0,1,1.000,83,17 2/3,16,5,17,1,11,13,12
이동현,74620,2004,KIA,6.23,23,0,0,1,6,0,0,0.143,261,56 1/3,66,7,29,3,42,42,39
이동현,74620,2005,KIA,6.34,23,0,0,4,3,0,2,0.571,187,38 1/3,42,6,32,5,33,31,27
이동현,74620,2006,KIA,4.62,23,0,0,2,4,0,0,0.333,219,48 2/3,49,4,26,4,34,28,25
이동현,74620,2007,KIA,6.17,9,0,0,0,0,0,0,-,52,11 2/3,10,2,7,1,2,8,8
이동현,74620,2008,KIA,5.40,5,0,0,0,0,0,0,-,39,8 1/3,11,0,2,1,5,5,5
이동현,74620,2010,한화,4.26,21,0,0,1,3,0,0,0.250,122,25 1/3,25,2,23,0,19,19,12
박강우,74643,2004,KIA,9.00,1,0,0,0,0,0,0,-,6,1,2,0,1,1,0,1,1
김성계,74651,2012,KIA,0.00,1,0,0,0,0,0,0,-,3,1,1,0,0,0,0,0,0
이상화,74647,2004,KIA,12.38,6,0,0,0,0,0,0,-,42,8,14,5,4,0,7,11,11
이상화,74647,2005,KIA,4.32,6,0,0,0,0,0,0,-,38,8 1/3,10,0,3,1,5,4,4
이상화,74647,2006,KIA,3.87,45,0,0,5,6,0,0,0.455,517,121,119,15,43,11,50,60,52
이상화,74647,2007,KIA,6.89,27,0,0,1,3,0,0,0.250,231,48 1/3,55,8,28,4,23,39,37
이상화,74647,2010,KIA,3.12,9,0,0,0,1,0,0,0.000,43,8 2/3,9,0,6,0,7,6,3
이상화,74647,2011,KIA,4.50,10,0,0,0,0,1,1,-,62,14,13,1,5,1,8,9,7
마뇽,74653,2004,KIA,4.17,34,1,1,8,9,0,1,0.471,672,155 1/3,156,15,63,9,83,76,72
조영민,74726,2004,한화,4.05,25,0,0,1,5,8,0,0.167,144,33 1/3,31,6,10,4,19,18,15
조영민,74726,2005,SK,3.44,27,0,0,2,0,0,2,1.000,154,36 2/3,25,5,23,5,27,14,14
조영민,74726,2006,SK,3.60,21,0,0,0,0,0,1,-,86,20,13,0,16,2,9,8,8
조영민,74726,2008,SK,3.74,38,0,0,3,0,0,1,1.000,222,53,54,6,20,1,21,22,22
조영민,74726,2011,SK,6.00,3,0,0,0,0,0,0,-,17,3,6,0,2,1,1,2,2
김창훈,74728,2004,한화,7.17,31,0,0,3,2,0,2,0.600,197,42 2/3,52,9,20,5,22,36,34
김창훈,74728,2005,한화,13.50,2,0,0,0,0,0,0,-,16,2 2/3,6,2,0,1,3,6,4
김창훈,74728,2010,두산,3.52,9,0,0,0,0,0,0,-,31,7 2/3,4,2,3,0,8,3,3
김창훈,74728,2011,두산,6.39,27,0,0,0,2,0,2,0.000,59,12 2/3,11,2,10,2,11,9,9
김창훈,74728,2012,두산,2.08,28,0,0,1,1,0,2,0.500,86,21 2/3,9,0,12,2,15,5,5
김창훈,74728,2013,두산,3.38,3,0,0,0,0,0,0,-,14,2 2/3,4,1,3,1,3,1,1
송창식,74731,2004,한화,5.13,26,1,0,8,7,0,0,0.533,620,140 1/3,143,15,63,8,80,83,80
송창식,74731,2006,한화,5.29,21,0,0,0,0,0,1,-,76,17,13,2,11,1,11,10,10
송창식,74731,2007,한화,13.50,2,0,0,0,1,0,0,0.000,22,4,9,0,2,0,3,6,6
송창식,74731,2010,한화,4.08,12,0,0,0,0,0,0,-,75,17 2/3,17,1,5,0,11,8,8
송창식,74731,2011,한화,6.34,34,0,0,4,3,0,0,0.571,284,61,75,11,23,7,52,43,43
송창식,74731,2012,한화,2.91,47,0,0,4,3,1,12,0.571,298,74 1/3,45,7,26,5,66,24,24
송창식,74731,2013,한화,3.42,57,0,0,4,6,20,0,0.400,310,71,63,3,36,4,67,27,27
송창식,74731,2014,한화,7.45,26,0,0,1,3,1,3,0.250,138,29,35,9,14,3,21,24,24
송창식,74731,2015,한화,6.44,64,0,0,8,7,0,11,0.533,503,109,115,29,64,7,87,82,78
송창식,74731,2016,한화,4.98,66,0,0,8,5,0,8,0.615,437,97 2/3,97,10,45,10,77,61,54
송창식,74731,2017,한화,6.63,63,0,0,5,6,0,15,0.455,331,73 1/3,77,13,33,5,64,56,54
송창식,74731,2018,한화,4.97,12,0,0,1,0,0,1,1.000,58,12 2/3,15,2,4,1,8,7,7
송창식,74731,2019,한화,54.00,1,0,0,0,0,0,0,-,4,1/3,3,0,0,0,1,2,2
정재원,74748,2004,한화,9.69,10,0,0,0,0,0,0,-,78,13,28,6,3,6,9,20,14
정재원,74748,2009,한화,9.26,20,0,0,0,5,0,0,0.000,172,34,43,4,28,5,24,37,35
정재원,74748,2010,한화,8.79,12,0,0,0,0,0,0,-,70,14 1/3,24,3,4,1,6,14,14
정재원,74748,2011,한화,8.00,24,0,0,1,0,0,3,1.000,138,27,28,0,23,8,15,26,24
정재원,74748,2012,한화,8.55,14,0,0,0,2,0,3,0.000,102,20,29,4,13,2,18,19,19
정재원,74748,2013,한화,6.55,10,0,0,0,0,0,0,-,52,11,16,1,5,1,6,8,8
정재원,74748,2014,한화,22.85,5,0,0,0,0,0,0,-,36,4 1/3,12,0,8,3,9,11,11
정재원,74748,2015,한화,11.25,3,0,0,0,0,0,0,-,19,4,5,2,3,0,4,5,5
정재원,74748,2016,한화,7.59,14,0,0,0,0,0,0,-,102,21 1/3,28,2,9,1,16,19,18
정재원,74748,2017,한화,3.43,14,0,0,0,2,0,1,0.000,99,21,23,0,11,5,9,12,8
정재원,74748,2018,SK,30.86,2,0,0,0,1,0,0,0.000,15,2 1/3,8,0,1,0,0,8,8
정재원,74748,2019,SK,16.88,4,0,0,0,0,0,0,-,16,2 2/3,6,1,0,1,1,5,5
윤경영,74761,2004,한화,9.31,6,0,0,0,1,0,0,0.000,45,9 2/3,10,1,7,1,3,10,10
윤경영,74761,2008,한화,54.00,2,0,0,0,0,0,0,-,13,1,6,1,4,0,1,6,6
윤경영,74761,2010,한화,6.00,2,0,0,0,0,0,0,-,14,3,4,0,0,1,4,2,2
박권수,74840,2004,SK,0.00,1,0,0,0,0,0,0,-,2,2/3,0,0,0,0,0,0,0
김종민,74817,2004,SK,18.00,1,0,0,0,0,0,0,-,7,1,3,0,1,0,0,3,2
김종민,74817,2005,SK,-,1,0,0,0,0,0,0,-,2,0,2,2,0,0,0,2,2
김종민,74817,2006,SK,0.00,1,0,0,0,0,0,0,-,2,1/3,1,0,0,0,0,0,0
윤희상,74838,2004,SK,9.45,11,0,0,0,1,0,0,0.000,67,13 1/3,21,2,7,1,9,15,14
윤희상,74838,2005,SK,18.00,3,0,0,0,2,0,0,0.000,33,5,13,2,4,1,2,11,10
윤희상,74838,2009,SK,-,1,0,0,0,0,0,0,-,1,0,0,0,1,0,0,0,0
윤희상,74838,2010,SK,3.60,4,0,0,0,0,0,0,-,22,5,6,0,2,0,2,2,2
윤희상,74838,2011,SK,4.82,20,0,0,3,1,0,0,0.750,207,46 2/3,55,8,12,3,32,27,25
윤희상,74838,2012,SK,3.36,28,0,0,10,9,0,0,0.526,693,163 1/3,164,10,49,6,100,66,61
윤희상,74838,2013,SK,3.87,25,1,0,8,6,0,0,0.571,642,151 1/3,147,17,44,7,120,72,65
윤희상,74838,2014,SK,5.08,7,0,0,0,1,0,0,0.000,130,28 1/3,36,1,9,3,18,17,16
윤희상,74838,2015,SK,5.88,21,0,0,5,9,0,0,0.357,415,93 1/3,113,15,34,3,67,65,61
윤희상,74838,2016,SK,4.84,23,0,0,9,6,0,0,0.600,540,122 2/3,143,18,44,6,74,69,66
윤희상,74838,2017,SK,6.00,23,0,0,6,7,0,0,0.462,538,120,149,16,33,10,82,85,80
윤희상,74838,2018,SK,5.12,46,0,0,1,2,1,7,0.333,211,51,55,8,7,2,44,29,29
윤희상,74838,2020,SK,3.00,4,0,0,0,0,0,0,-,11,3,1,0,2,0,2,1,1
카브레라,74828,2004,SK,4.65,38,0,0,4,4,12,0,0.500,454,102 2/3,99,8,50,11,85,57,53
카브레라,74828,2005,SK,1.42,4,0,0,0,0,3,0,-,23,6 1/3,4,1,0,0,6,1,1
카브레라,74828,2006,SK,1.63,28,0,0,1,3,16,0,0.250,115,27 2/3,20,0,15,1,23,6,5
카브레라,74828,2007,롯데,3.65,56,0,0,3,4,22,0,0.429,236,56 2/3,49,5,19,1,60,30,23
최혁길,74836,2005,SK,21.00,4,0,0,0,0,0,0,-,19,3,7,0,3,0,5,7,7
지훈,74858,2009,SK,7.36,1,0,0,0,0,0,0,-,17,3 2/3,6,0,0,0,0,3,3
손상정,75131,2005,LG,2.84,6,0,0,0,0,0,0,-,25,6 1/3,5,0,2,0,2,2,2
홍성용,75149,2014,NC,4.26,22,0,0,0,1,0,3,0.000,57,12 2/3,12,1,8,1,5,7,6
홍성용,75149,2015,KT,3.86,42,0,0,0,4,0,10,0.000,174,39 2/3,39,3,13,6,31,19,17
홍성용,75149,2016,KT,6.02,67,0,0,2,2,2,12,0.500,221,46 1/3,66,8,19,4,33,32,31
홍성용,75149,2017,KT,6.23,37,0,0,0,2,0,1,0.000,176,39,44,7,17,3,22,27,27
홍성용,75149,2018,KT,5.40,56,0,0,2,1,1,6,0.667,202,45,49,7,16,5,42,28,27
신재웅,75138,2005,LG,7.43,26,0,0,1,0,0,2,1.000,69,13 1/3,22,1,10,0,9,11,11
신재웅,75138,2006,LG,4.61,22,1,1,1,2,0,1,0.333,220,52 2/3,51,5,17,1,30,30,27
신재웅,75138,2012,LG,3.59,12,0,0,5,2,0,0,0.714,241,57 2/3,53,5,23,3,30,23,23
신재웅,75138,2013,LG,3.05,18,0,0,4,4,0,0,0.500,227,56,52,4,18,3,21,21,19
신재웅,75138,2014,LG,3.80,57,0,0,8,3,0,8,0.727,271,64,62,7,26,2,46,29,27
신재웅,75138,2015,SK,4.11,61,0,0,0,1,0,9,0.000,236,50 1/3,72,5,17,4,49,28,23
신재웅,75138,2016,SK,5.50,35,0,0,0,1,0,4,0.000,91,18,16,4,17,3,17,12,11
신재웅,75138,2017,SK,3.19,32,0,0,0,1,2,4,0.000,126,31,23,3,15,0,29,11,11
신재웅,75138,2018,SK,2.77,54,0,0,2,3,16,6,0.400,226,52,49,5,28,1,43,23,16
신재웅,75138,2019,SK,3.32,20,0,0,1,0,0,0,1.000,88,21 2/3,14,1,10,1,14,8,8
신재웅,75138,2020,SK,9.31,24,0,0,2,0,0,0,1.000,93,19 1/3,26,5,14,0,11,20,20
신재웅,75138,2021,SSG,4.32,8,0,0,0,0,0,0,-,37,8 1/3,6,0,5,0,9,4,4
정우람,74857,2004,SK,6.75,2,0,0,0,0,0,0,-,12,2 2/3,3,0,2,0,0,2,2
정우람,74857,2005,SK,1.69,59,0,0,3,1,1,13,0.750,165,42 2/3,28,3,17,1,32,11,8
정우람,74857,2006,SK,4.24,82,0,0,3,3,0,20,0.500,195,46 2/3,36,5,27,1,47,23,22
정우람,74857,2007,SK,4.28,45,0,0,0,1,0,14,0.000,126,27 1/3,25,5,21,0,22,13,13
정우람,74857,2008,SK,2.09,85,0,0,9,2,5,25,0.818,314,77 2/3,49,4,32,6,64,24,18
정우람,74857,2009,SK,3.38,62,0,0,1,1,1,2,0.500,248,56,56,5,29,3,46,23,21
정우람,74857,2010,SK,3.53,75,0,0,8,4,2,18,0.667,428,102,80,7,44,4,111,41,40
정우람,74857,2011,SK,1.81,68,0,0,4,0,7,25,1.000,358,94 1/3,61,3,23,2,68,21,19
정우람,74857,2012,SK,2.20,53,0,0,2,4,30,0,0.333,193,49,33,0,9,4,55,12,12
정우람,74857,2015,SK,3.21,69,0,0,7,5,16,11,0.583,287,70,52,3,28,1,90,25,25
정우람,74857,2016,한화,3.33,61,0,0,8,5,16,1,0.615,331,81,64,7,26,4,85,33,30
정우람,74857,2017,한화,2.75,56,0,0,6,4,26,0,0.600,247,59,47,5,19,4,78,20,18
정우람,74857,2018,한화,3.40,55,0,0,5,3,35,0,0.625,220,53,49,6,12,2,56,22,20
정우람,74857,2019,한화,1.54,57,0,0,4,3,26,0,0.571,237,58 1/3,57,4,16,1,48,11,10
정우람,74857,2020,한화,4.80,50,0,0,3,5,16,0,0.375,230,54 1/3,58,4,12,5,53,29,29
정우람,74857,2021,한화,5.64,50,0,0,1,4,15,1,0.200,199,44 2/3,47,5,20,5,32,29,28
정우람,74857,2022,한화,2.95,23,0,0,0,1,1,7,0.000,84,18 1/3,23,1,6,0,20,8,6
정우람,74857,2023,한화,5.36,52,0,0,0,1,0,8,0.000,183,40 1/3,45,3,17,2,30,24,24
랜들,75230,2005,두산,3.25,29,1,1,12,7,0,0,0.632,658,149 2/3,163,18,47,15,111,59,54
랜들,75230,2006,두산,2.95,30,2,2,16,8,0,0,0.667,795,192 1/3,170,14,58,10,142,66,63
랜들,75230,2007,두산,3.12,28,0,0,12,8,0,0,0.600,684,164 1/3,142,16,55,10,113,60,57
랜들,75230,2008,두산,4.48,29,0,0,9,9,0,0,0.500,664,150 2/3,171,15,49,9,101,78,75
왈론드,75155,2005,LG,5.04,19,1,0,4,10,1,2,0.286,400,89 1/3,85,12,49,2,68,56,50
왈론드,75155,2010,두산,4.95,29,0,0,7,9,0,0,0.438,584,129,143,13,54,10,100,84,71
스미스,75245,2005,두산,4.55,16,0,0,4,6,0,0,0.400,424,95,115,5,37,6,45,54,48
김명제,75255,2005,두산,4.63,28,0,0,7,6,0,0,0.538,452,107,92,12,49,8,67,57,55
김명제,75255,2006,두산,4.46,41,0,0,3,11,0,6,0.214,479,111,104,10,49,8,67,62,55
김명제,75255,2007,두산,5.05,30,0,0,4,7,1,0,0.364,526,117 2/3,133,11,40,12,63,70,66
김명제,75255,2008,두산,3.81,22,0,0,7,3,0,1,0.700,468,111,100,13,33,6,59,52,47
김명제,75255,2009,두산,9.19,16,0,0,1,2,0,0,0.333,157,32 1/3,43,8,14,5,12,36,33
박정배,75250,2005,두산,8.22,12,0,0,1,1,0,0,0.500,74,15 1/3,26,4,5,1,9,15,14
박정배,75250,2006,두산,9.64,7,0,0,0,0,0,0,-,26,4 2/3,5,1,6,1,1,5,5
박정배,75250,2009,두산,5.86,19,0,0,0,0,1,0,-,124,27 2/3,35,3,9,1,16,18,18
박정배,75250,2010,두산,6.14,10,0,0,1,1,0,0,0.500,65,14 2/3,17,4,5,2,11,10,10
박정배,75250,2011,두산,9.00,4,0,0,0,0,0,0,-,19,4,6,1,1,1,0,4,4
박정배,75250,2012,SK,3.14,37,0,0,4,3,0,3,0.571,309,77 1/3,52,6,30,4,48,29,27
박정배,75250,2013,SK,1.65,38,0,0,5,2,0,14,0.714,208,49,40,3,24,4,53,11,9
박정배,75250,2014,SK,5.82,43,0,0,6,4,1,10,0.600,197,43 1/3,42,3,23,6,34,29,28
박정배,75250,2015,SK,5.33,24,0,0,2,2,0,2,0.500,115,25 1/3,25,3,13,2,28,15,15
박정배,75250,2016,SK,5.40,49,0,0,2,3,2,11,0.400,223,51 2/3,55,6,17,3,26,34,31
박정배,75250,2017,SK,3.57,61,0,0,5,3,7,16,0.625,290,68,58,9,33,3,49,32,27
박정배,75250,2018,SK,5.84,49,0,0,1,3,9,2,0.250,197,44 2/3,51,9,12,2,44,30,29
박정배,75250,2019,SK,10.07,20,0,0,1,1,0,1,0.500,90,19 2/3,29,4,2,2,9,22,22
강관식,75259,2005,두산,-,1,0,0,0,0,0,0,-,1,0,1,0,0,0,0,0,0
서동환,75261,2005,두산,12.71,6,0,0,0,0,0,0,-,34,5 2/3,6,0,11,1,4,8,8
서동환,75261,2006,두산,5.32,20,0,0,1,1,0,0,0.500,105,23 2/3,22,3,13,1,9,16,14
서동환,75261,2007,두산,6.00,3,0,0,0,0,0,0,-,13,3,4,0,0,0,1,2,2
서동환,75261,2008,두산,9.00,3,0,0,0,0,0,0,-,16,3,4,1,3,0,1,3,3
서동환,75261,2011,두산,4.50,11,0,0,1,2,0,0,0.333,102,22,25,2,11,4,13,11,11
서동환,75261,2012,두산,8.59,10,0,0,0,0,1,0,-,70,14 2/3,17,0,12,1,17,14,14
서동환,75261,2013,두산,4.32,8,0,0,0,1,0,0,0.000,77,16 2/3,15,0,14,1,4,8,8
서동환,75261,2014,삼성,0.00,2,0,0,0,0,0,0,-,5,1,1,0,0,1,1,0,0
금민철,75258,2005,두산,4.73,39,0,0,0,3,0,6,0.000,214,51 1/3,45,5,20,6,44,28,27
금민철,75258,2006,두산,4.66,38,0,0,3,2,0,2,0.600,267,58,51,2,42,8,42,33,30
금민철,75258,2007,두산,3.97,53,0,0,1,4,0,6,0.200,257,59,57,2,29,5,43,30,26
금민철,75258,2008,두산,2.28,44,0,0,2,0,0,3,1.000,247,59 1/3,54,1,29,4,49,20,15
금민철,75258,2009,두산,4.43,36,0,0,7,2,0,0,0.778,372,83 1/3,74,7,52,9,55,44,41
금민철,75258,2010,넥센,4.40,24,1,1,6,11,0,0,0.353,544,120 2/3,118,10,71,15,86,63,59
금민철,75258,2011,넥센,5.29,8,0,0,2,5,0,0,0.286,159,32 1/3,31,3,31,4,16,28,19
금민철,75258,2014,넥센,6.05,11,0,0,3,5,0,0,0.375,208,41 2/3,51,4,30,7,24,35,28
금민철,75258,2015,넥센,4.50,7,0,0,1,1,0,0,0.500,104,22,25,2,14,2,11,11,11
금민철,75258,2016,넥센,5.13,14,0,0,1,1,0,0,0.500,125,26 1/3,36,2,9,1,16,16,15
금민철,75258,2017,넥센,6.33,36,0,0,4,4,0,3,0.500,269,54,81,3,33,3,42,40,38
금민철,75258,2018,KT,5.41,29,0,0,8,12,0,0,0.400,720,156 1/3,212,19,68,7,79,104,94
금민철,75258,2019,KT,5.05,14,0,0,1,4,0,0,0.200,263,57,66,5,25,7,26,38,32
금민철,75258,2020,KT,15.43,3,0,0,0,0,0,0,-,15,2 1/3,6,0,1,2,2,4,4
손승락,75321,2005,현대,5.43,26,1,0,5,10,0,0,0.333,599,134 1/3,154,18,48,10,80,81,81
손승락,75321,2006,현대,4.17,24,0,0,6,5,0,2,0.545,408,95,112,5,21,6,48,49,44
손승락,75321,2010,넥센,2.56,53,0,0,2,3,26,1,0.400,245,63 1/3,47,2,17,2,64,20,18
손승락,75321,2011,넥센,1.89,49,0,0,4,2,17,2,0.667,202,52 1/3,41,2,13,1,41,12,11
손승락,75321,2012,넥센,2.15,53,0,0,3,2,33,0,0.600,203,50 1/3,50,2,15,0,47,12,12
손승락,75321,2013,넥센,2.30,57,0,0,3,2,46,0,0.600,249,62 2/3,50,1,20,1,52,17,16
손승락,75321,2014,넥센,4.33,62,0,0,3,5,32,0,0.375,259,62 1/3,69,6,11,2,53,30,30
손승락,75321,2015,넥센,3.82,58,0,0,4,6,23,0,0.400,272,61 1/3,73,6,13,3,63,35,26
손승락,75321,2016,롯데,4.26,48,0,0,7,3,20,0,0.700,232,50 2/3,61,5,24,3,48,25,24
손승락,75321,2017,롯데,2.18,61,0,0,1,3,37,0,0.250,250,62,59,7,11,1,62,16,15
손승락,75321,2018,롯데,3.90,57,0,0,3,5,28,0,0.375,250,57 2/3,53,1,20,1,60,26,25
손승락,75321,2019,롯데,3.93,53,0,0,4,3,9,2,0.571,233,52 2/3,55,3,19,3,44,27,23
조현근,75268,2005,두산,4.00,34,0,0,0,0,0,2,-,148,36,35,3,8,2,11,16,16
조현근,75268,2006,삼성,6.75,5,0,0,0,0,0,0,-,19,2 2/3,10,0,0,0,0,4,2
조현근,75268,2007,삼성,3.11,46,0,0,1,2,0,1,0.333,226,55,49,5,20,1,48,20,19
조현근,75268,2008,삼성,3.38,43,0,0,1,1,0,1,0.500,178,42 2/3,36,3,23,2,19,16,16
조현근,75268,2009,삼성,5.81,34,0,0,0,1,0,0,0.000,225,48,58,9,33,1,36,31,31
조현근,75268,2013,삼성,6.75,10,0,0,0,0,0,1,-,33,6 2/3,7,1,6,0,3,5,5
조현근,75268,2014,삼성,0.00,6,0,0,0,0,0,0,-,19,5 1/3,2,0,1,0,3,0,0
조현근,75268,2015,삼성,3.26,22,0,0,0,0,0,1,-,81,19 1/3,18,1,7,1,11,10,7
조현근,75268,2016,삼성,13.50,3,0,0,0,0,0,0,-,31,5 1/3,12,2,3,1,5,8,8
캘러웨이,75324,2005,현대,3.97,32,0,0,16,9,0,0,0.640,848,197 1/3,206,17,54,12,103,99,87
캘러웨이,75324,2006,현대,2.87,27,0,0,14,7,0,0,0.667,703,166 1/3,171,4,35,8,95,61,53
캘러웨이,75324,2007,현대,4.18,11,1,0,2,6,0,0,0.250,254,56,65,3,22,2,24,36,26
이보근,75342,2005,현대,2.45,14,0,0,0,2,0,0,0.000,105,25 2/3,22,3,10,0,16,13,7
이보근,75342,2006,현대,3.62,22,0,0,0,2,1,0,0.000,159,37 1/3,35,1,17,1,25,15,15
이보근,75342,2007,현대,11.70,9,0,0,0,1,0,0,0.000,52,10,15,1,6,1,9,13,13
이보근,75342,2008,우리,8.59,5,0,0,0,0,0,0,-,39,7 1/3,12,0,6,0,7,7,7
이보근,75342,2009,히어로즈,4.26,52,0,0,7,7,7,4,0.500,376,88 2/3,74,9,44,6,58,50,42
이보근,75342,2010,넥센,4.32,52,0,0,1,2,0,4,0.333,323,75,71,5,45,5,35,38,36
이보근,75342,2011,넥센,3.49,56,0,0,5,3,1,5,0.625,386,87 2/3,92,5,42,1,52,37,34
이보근,75342,2012,넥센,5.27,27,0,0,3,1,0,0,0.750,184,41,42,3,18,4,17,26,24
이보근,75342,2013,넥센,4.31,28,0,0,1,3,0,1,0.250,169,39 2/3,43,2,11,3,18,19,19
이보근,75342,2016,넥센,4.45,67,0,0,5,7,0,25,0.417,290,64 2/3,69,3,27,6,56,36,32
이보근,75342,2017,넥센,5.47,55,0,0,6,2,6,18,0.750,236,52 2/3,62,9,17,0,58,32,32
이보근,75342,2018,넥센,4.28,64,0,0,7,6,0,24,0.538,263,61,66,6,14,4,54,36,29
이보근,75342,2019,키움,9.72,19,0,0,0,2,0,3,0.000,80,16 2/3,29,1,4,0,12,18,18
이보근,75342,2020,KT,2.51,49,0,0,3,1,6,9,0.750,192,46 2/3,42,2,12,2,27,17,13
이보근,75342,2021,KT,15.55,16,0,0,0,1,0,1,0.000,68,11,28,4,7,0,9,20,19
전유수,75340,2005,현대,54.00,1,0,0,0,0,0,0,-,4,1/3,0,0,3,0,0,3,2
전유수,75340,2007,현대,0.00,1,0,0,0,0,0,0,-,3,1/3,1,0,1,0,0,0,0
전유수,75340,2008,우리,18.00,8,0,0,0,0,0,0,-,40,7,8,2,7,3,7,14,14
전유수,75340,2009,히어로즈,3.86,8,0,0,0,0,0,0,-,39,9 1/3,12,0,3,0,2,4,4
전유수,75340,2012,SK,4.33,25,0,0,1,0,0,0,1.000,154,35 1/3,40,2,10,2,21,17,17
전유수,75340,2013,SK,4.37,54,0,0,2,0,2,3,1.000,252,57 2/3,60,6,23,4,35,28,28
전유수,75340,2014,SK,5.00,67,0,0,7,4,0,5,0.636,383,84 2/3,99,11,37,3,72,51,47
전유수,75340,2015,SK,4.40,66,0,0,3,6,1,5,0.333,337,77 2/3,66,9,42,5,84,39,38
전유수,75340,2016,SK,5.13,46,0,0,2,4,0,3,0.333,255,54 1/3,67,6,29,0,45,38,31
전유수,75340,2017,SK,6.53,18,0,0,0,0,0,1,-,103,20 2/3,28,1,13,3,20,16,15
전유수,75340,2018,SK,5.50,16,0,0,0,1,0,0,0.000,81,18,21,3,8,2,15,11,11
전유수,75340,2019,KT,3.39,62,0,0,3,1,1,7,0.750,280,66 1/3,66,2,18,4,46,31,25
전유수,75340,2020,KT,5.12,47,0,0,5,4,2,3,0.556,200,45 2/3,46,3,21,3,27,26,26
전유수,75340,2021,KT,3.38,11,0,0,1,0,0,0,1.000,46,10 2/3,9,1,6,0,9,6,4
전유수,75340,2022,KT,8.18,8,0,0,0,0,0,0,-,54,11,17,1,5,0,2,10,10
오성민,75347,2007,현대,21.60,1,0,0,0,0,0,0,-,13,1 2/3,5,0,3,0,1,4,4
오성민,75347,2011,SK,0.00,3,0,0,0,0,0,0,-,16,4,2,0,3,0,3,0,0
이상우,75356,2005,현대,-,1,0,0,0,0,0,0,-,4,0,3,1,0,1,0,3,3
오승환,75421,2005,삼성,1.18,61,0,0,10,1,16,11,0.909,358,99,46,5,20,0,115,13,13
오승환,75421,2006,삼성,1.59,63,0,0,4,3,47,0,0.571,289,79 1/3,43,1,12,1,109,15,14
오승환,75421,2007,삼성,1.40,60,0,0,4,4,40,0,0.500,251,64 1/3,41,6,17,2,69,12,10
오승환,75421,2008,삼성,1.40,57,0,0,1,1,39,0,0.500,219,57 2/3,34,2,15,1,51,9,9
오승환,75421,2009,삼성,4.83,35,0,0,2,2,19,0,0.500,140,31 2/3,28,7,17,0,51,17,17
오승환,75421,2010,삼성,4.50,16,0,0,0,0,4,0,-,60,14,13,4,5,0,19,7,7
오승환,75421,2011,삼성,0.63,54,0,0,1,0,47,0,1.000,204,57,27,2,11,0,76,4,4
오승환,75421,2012,삼성,1.94,50,0,0,2,1,37,0,0.667,215,55 2/3,33,1,13,3,81,12,12
오승환,75421,2013,삼성,1.74,48,0,0,4,1,28,0,0.800,196,51 2/3,33,4,10,2,54,13,10
오승환,75421,2020,삼성,2.64,45,0,0,3,2,18,2,0.600,201,47 2/3,44,2,15,2,39,14,14
오승환,75421,2021,삼성,2.03,64,0,0,0,2,44,0,0.000,252,62,56,3,16,2,57,17,14
오승환,75421,2022,삼성,3.32,57,0,0,6,2,31,2,0.750,239,57,59,8,13,1,51,23,21
오승환,75421,2023,삼성,3.45,58,0,0,4,5,30,2,0.444,264,62 2/3,57,9,15,2,44,26,24
바르가스,75429,2005,삼성,5.06,26,0,0,10,8,0,0,0.556,561,128,120,12,63,7,66,78,72
백준영,75427,2006,삼성,0.00,1,0,0,0,0,0,0,-,3,1,0,0,0,0,1,0,0
백준영,75427,2008,삼성,0.00,3,0,0,0,0,0,0,-,10,2 2/3,3,0,0,0,0,0,0
해크먼,75444,2005,삼성,4.80,15,0,0,3,6,0,0,0.333,358,80 2/3,78,9,37,6,57,51,43
하리칼라,75443,2005,삼성,3.71,11,0,0,3,2,0,0,0.600,229,51,66,4,11,2,31,22,21
하리칼라,75443,2006,삼성,3.33,23,0,0,12,7,0,0,0.632,552,135 1/3,131,14,26,6,70,60,50
하리칼라,75443,2007,LG,5.21,16,1,1,6,8,0,0,0.429,401,86 1/3,115,6,38,3,24,60,50
강유삼,75458,2006,삼성,4.50,1,0,0,0,0,0,0,-,23,4,10,1,0,0,1,5,2
곽동훈,75424,2008,삼성,4.91,7,0,0,0,0,0,0,-,46,11,9,1,6,0,3,6,6
곽동훈,75424,2009,삼성,16.20,2,0,0,0,0,0,0,-,28,5,10,2,5,0,0,10,9
곽동훈,75424,2011,삼성,20.25,2,0,0,0,0,0,0,-,7,1 1/3,3,1,0,0,0,3,3
조정훈,75537,2005,롯데,6.83,19,0,0,1,0,0,2,1.000,149,29,41,2,19,3,19,23,22
조정훈,75537,2006,롯데,3.00,7,0,0,0,0,0,0,-,27,6,9,0,3,0,7,2,2
조정훈,75537,2007,롯데,6.65,17,0,0,0,2,0,1,0.000,109,23,35,3,10,3,12,17,17
조정훈,75537,2008,롯데,3.15,14,1,1,5,3,0,1,0.625,331,80,84,6,18,3,54,35,28
조정훈,75537,2009,롯데,4.05,27,2,2,14,9,0,0,0.609,784,182 1/3,189,23,53,7,175,97,82
조정훈,75537,2010,롯데,4.94,11,1,0,5,3,0,0,0.625,262,62,59,7,22,3,50,34,34
조정훈,75537,2017,롯데,3.91,26,0,0,4,2,0,8,0.667,99,23,17,1,13,0,25,11,10
조정훈,75537,2018,롯데,16.62,7,0,0,0,0,0,0,-,28,4 1/3,6,0,4,2,5,13,8
박성훈,75464,2005,삼성,4.61,22,0,0,0,0,0,3,-,72,13 2/3,19,1,9,2,13,12,7
박성훈,75464,2008,삼성,9.00,2,0,0,0,0,0,0,-,10,2,3,0,1,0,1,2,2
박성훈,75464,2009,삼성,5.17,20,0,0,0,1,0,0,0.000,143,31 1/3,32,1,18,4,20,19,18
박성훈,75464,2010,넥센,4.76,32,0,0,0,1,0,0,0.000,170,34,35,2,27,8,25,20,18
박성훈,75464,2011,넥센,9.53,5,0,0,0,1,0,0,0.000,32,5 2/3,7,0,6,1,0,7,6
박성훈,75464,2012,넥센,2.45,53,0,0,5,4,0,7,0.556,198,47 2/3,33,1,24,6,34,13,13
박성훈,75464,2013,넥센,5.06,50,0,0,2,3,0,8,0.400,124,26 2/3,31,6,11,4,18,16,15
박성훈,75464,2014,넥센,8.04,15,0,0,1,0,0,0,1.000,74,15 2/3,23,5,7,0,12,14,14
이재율,75539,2005,롯데,4.02,51,0,0,5,3,3,6,0.625,264,65,52,5,21,8,63,30,29
이재율,75539,2006,롯데,3.48,46,0,0,0,2,3,2,0.000,241,54 1/3,46,5,29,10,50,24,21
이재율,75539,2007,롯데,5.91,7,0,0,0,1,0,0,0.000,48,10 2/3,13,2,6,2,3,7,7
최혁권,75523,2005,롯데,3.86,3,0,0,0,0,0,0,-,12,2 1/3,3,0,1,1,1,1,1
윤석민,75620,2005,KIA,4.29,53,0,0,3,4,7,0,0.429,372,84,92,8,32,6,49,47,40
윤석민,75620,2006,KIA,2.28,63,0,0,5,6,19,9,0.455,381,94 2/3,81,5,27,4,75,26,24
윤석민,75620,2007,KIA,3.78,28,2,1,7,18,0,0,0.280,703,162,161,10,59,15,104,76,68
윤석민,75620,2008,KIA,2.33,24,1,0,14,5,0,1,0.737,612,154 2/3,121,10,42,4,119,45,40
윤석민,75620,2009,KIA,3.46,27,0,0,9,4,7,0,0.692,510,119 2/3,110,9,44,8,117,52,46
윤석민,75620,2010,KIA,3.83,23,1,0,6,3,3,0,0.667,432,101,95,5,36,3,94,48,43
윤석민,75620,2011,KIA,2.45,27,3,3,17,5,1,0,0.773,679,172 1/3,137,10,44,6,178,53,47
윤석민,75620,2012,KIA,3.12,28,3,2,9,8,0,0,0.529,619,153,120,9,33,8,137,60,53
윤석민,75620,2013,KIA,4.00,30,1,0,3,6,7,2,0.333,372,87 2/3,91,9,28,1,76,41,39
윤석민,75620,2015,KIA,2.96,51,0,0,2,6,30,0,0.250,297,70,69,4,24,2,68,23,23
윤석민,75620,2016,KIA,3.19,16,1,0,2,2,1,6,0.500,139,31,36,1,8,5,26,14,11
윤석민,75620,2018,KIA,6.75,28,0,0,0,8,11,0,0.000,182,40,55,9,10,0,29,32,30
블랭크,75653,2005,KIA,4.26,20,0,0,4,4,0,0,0.500,403,93,85,16,41,6,45,47,44
이범석,75635,2005,KIA,11.05,8,0,0,0,1,0,0,0.000,43,7 1/3,14,1,5,2,8,11,9
이범석,75635,2007,KIA,4.64,27,0,0,0,3,0,1,0.000,193,42 2/3,39,3,24,8,24,22,22
이범석,75635,2008,KIA,3.08,28,2,1,7,10,0,1,0.412,490,119 2/3,93,10,47,3,89,53,41
이범석,75635,2009,KIA,7.27,4,0,0,0,1,0,0,0.000,41,8 2/3,11,2,6,0,4,8,7
곽정철,75668,2007,KIA,13.50,3,0,0,0,1,0,0,0.000,10,2,3,0,2,0,4,3,3
곽정철,75668,2008,KIA,3.57,15,0,0,1,1,0,0,0.500,155,35 1/3,38,1,16,1,26,15,14
곽정철,75668,2009,KIA,4.05,41,0,0,5,4,2,7,0.556,427,95 2/3,90,6,47,6,70,50,43
곽정철,75668,2010,KIA,5.59,47,0,0,2,7,2,10,0.222,260,58,62,6,24,3,70,38,36
곽정철,75668,2011,KIA,4.79,18,0,0,1,0,1,4,1.000,96,20 2/3,21,4,11,2,27,12,11
곽정철,75668,2016,KIA,7.90,27,0,0,0,1,2,1,0.000,137,27 1/3,34,3,22,2,16,24,24
그레이싱어,75659,2005,KIA,3.93,14,0,0,6,6,0,0,0.500,320,75 2/3,72,6,16,8,58,38,33
그레이싱어,75659,2006,KIA,3.02,29,2,0,14,12,0,0,0.538,753,188,151,10,47,12,164,65,63
차정민,75663,2005,KIA,3.50,30,0,0,4,1,0,3,0.800,160,36,36,2,15,7,19,17,14
차정민,75663,2006,KIA,4.24,15,0,0,0,0,0,1,-,76,17,19,4,6,3,16,8,8
차정민,75663,2007,KIA,7.11,6,0,0,0,0,0,1,-,30,6 1/3,7,1,4,0,8,6,5
차정민,75663,2010,KIA,0.00,2,0,0,0,1,0,0,0.000,7,1 2/3,1,0,1,0,1,1,0
차정민,75663,2011,KIA,6.52,16,0,0,0,1,0,0,0.000,89,19 1/3,22,7,8,1,12,14,14
윤근영,75730,2005,한화,5.40,51,0,0,0,1,1,4,0.000,183,40,41,3,25,4,19,28,24
윤근영,75730,2007,한화,9.00,18,0,0,0,2,1,2,0.000,38,7,10,0,8,0,2,9,7
윤근영,75730,2010,한화,7.16,25,0,0,0,0,0,0,-,82,16 1/3,22,1,13,0,8,13,13
윤근영,75730,2011,한화,3.86,23,0,0,0,0,0,1,-,119,25 2/3,26,1,16,1,25,11,11
윤근영,75730,2012,한화,3.72,18,0,0,2,2,0,2,0.500,162,38 2/3,33,2,19,2,25,20,16
윤근영,75730,2013,한화,6.25,49,0,0,2,5,0,5,0.286,330,72,84,6,45,5,45,50,50
윤근영,75730,2014,한화,7.16,36,0,0,2,3,0,5,0.400,239,49,71,6,23,7,28,41,39
윤근영,75730,2015,KT,5.63,17,0,0,1,4,0,2,0.200,155,32,35,3,21,4,21,23,20
윤근영,75730,2016,KT,6.75,3,0,0,0,0,0,0,-,25,4,6,0,5,1,1,6,3
윤근영,75730,2017,KT,3.50,12,0,0,0,0,0,1,-,78,18,23,4,5,0,11,9,7
윤근영,75730,2018,KT,9.72,17,0,0,1,0,0,0,1.000,86,16 2/3,26,3,10,0,17,19,18
양훈,75750,2005,한화,5.83,22,0,0,3,6,0,0,0.333,315,71,74,5,33,9,21,50,46
양훈,75750,2006,한화,3.92,21,0,0,2,1,0,3,0.667,186,41 1/3,44,4,20,2,27,19,18
양훈,75750,2007,한화,3.64,47,1,1,7,4,2,3,0.636,273,64 1/3,55,3,33,5,27,29,26
양훈,75750,2008,한화,7.71,16,0,0,3,7,0,0,0.300,303,65 1/3,81,7,32,2,30,57,56
양훈,75750,2009,한화,4.38,67,0,0,3,6,1,11,0.333,403,90 1/3,97,5,48,3,71,52,44
양훈,75750,2010,한화,6.46,46,0,0,4,5,8,3,0.444,215,46,54,8,21,6,38,35,33
양훈,75750,2011,한화,4.28,27,1,1,6,10,0,0,0.375,625,143,145,15,60,5,110,75,68
양훈,75750,2012,한화,5.30,25,0,0,4,7,0,1,0.364,402,93 1/3,95,7,44,1,44,58,55
양훈,75750,2015,넥센,1.41,16,0,0,2,1,0,0,0.667,153,38 1/3,33,1,14,0,15,9,6
양훈,75750,2016,넥센,8.28,20,0,0,1,6,0,0,0.143,348,70 2/3,119,10,27,1,24,71,65
양훈,75750,2017,넥센,7.16,7,0,0,2,1,0,1,0.667,76,16 1/3,24,1,5,2,5,13,13
서민욱,75763,2005,한화,0.00,2,0,0,0,0,0,0,-,4,2/3,2,0,0,0,1,0,0
서민욱,75763,2006,한화,3.03,22,0,0,0,1,1,1,0.000,121,29 2/3,25,2,10,1,18,10,10
서민욱,75763,2007,한화,0.00,2,0,0,0,0,0,0,-,5,1,2,0,0,0,0,0,0
조성민,75799,2005,한화,6.52,16,0,0,2,2,0,4,0.500,101,19 1/3,30,1,9,6,8,15,14
조성민,75799,2006,한화,6.75,7,0,0,0,0,0,0,-,39,6 2/3,12,1,6,0,4,6,5
조성민,75799,2007,한화,4.19,12,0,0,1,2,0,0,0.333,191,43,41,3,19,5,18,23,20
차바치,75830,2005,SK,1.00,7,0,0,0,0,0,1,-,40,9,8,0,5,0,5,1,1
크루즈,75828,2005,SK,3.00,15,0,0,7,4,0,0,0.636,346,81,69,6,29,8,50,33,27
산체스,75831,2005,SK,6.17,14,0,0,4,4,0,0,0.500,298,65 2/3,72,11,36,4,51,46,45
최정,75847,2009,SK,-,1,0,0,0,1,0,0,0.000,2,0,1,0,1,0,0,1,0
권덕준,75843,2007,SK,0.00,1,0,0,0,0,0,0,-,7,1 2/3,0,0,2,0,1,0,0
장찬,75848,2005,SK,2.25,3,0,0,0,0,0,0,-,15,4,4,1,0,0,0,1,1
장찬,75848,2006,SK,6.48,7,0,0,1,0,0,0,1.000,36,8 1/3,7,1,5,2,9,6,6
김선규,75852,2005,SK,36.00,2,0,0,0,0,0,0,-,8,1,5,0,0,0,0,4,4
김선규,75852,2009,SK,0.00,1,0,0,0,0,0,0,-,1,1/3,0,0,0,0,0,0,0
김선규,75852,2010,LG,5.93,28,0,0,2,0,0,0,1.000,121,27 1/3,30,2,14,3,14,19,18
김선규,75852,2011,LG,4.19,61,0,0,3,0,1,13,1.000,287,66 2/3,66,4,22,6,28,34,31
김선규,75852,2012,LG,5.74,12,0,0,0,2,0,1,0.000,79,15 2/3,23,1,8,2,6,10,10
김선규,75852,2013,LG,2.79,29,0,0,2,1,0,3,0.667,121,29,31,2,8,5,9,10,9
김선규,75852,2014,LG,7.13,19,0,0,0,3,0,1,0.000,93,17 2/3,25,2,9,6,7,21,14
김선규,75852,2015,LG,3.13,31,0,0,2,0,0,2,1.000,136,31 2/3,34,5,10,2,19,12,11
김선규,75852,2016,NC,2.93,17,0,0,1,0,0,0,1.000,70,15 1/3,20,1,8,1,6,6,5
홍성수,75861,2005,SK,0.00,1,0,0,0,0,0,0,-,1,1/3,0,0,0,0,1,0,0
김태환,75859,2006,SK,0.00,3,0,0,0,0,0,0,-,9,2 1/3,2,0,0,0,0,0,0
김진성,75867,2013,NC,4.76,33,0,0,1,2,2,0,0.333,149,34,32,5,17,2,28,20,18
김진성,75867,2014,NC,4.10,58,0,0,3,3,25,1,0.500,211,48 1/3,40,4,26,2,52,25,22
김진성,75867,2015,NC,4.50,59,0,0,3,4,5,12,0.429,271,66,59,14,18,1,70,35,33
김진성,75867,2016,NC,4.48,69,0,0,6,8,1,14,0.429,347,84 1/3,79,15,16,2,100,44,42
김진성,75867,2017,NC,3.61,69,0,0,10,6,0,15,0.625,361,89 2/3,72,13,27,2,98,38,36
김진성,75867,2018,NC,7.15,50,0,0,3,2,0,5,0.600,207,45 1/3,56,13,19,2,38,38,36
김진성,75867,2019,NC,4.29,42,0,0,1,2,0,5,0.333,178,42,39,6,15,2,35,25,20
김진성,75867,2020,NC,2.66,48,0,0,3,0,0,6,1.000,190,47 1/3,41,4,10,0,56,16,14
김진성,75867,2021,NC,7.17,42,0,0,2,4,1,9,0.333,174,37 2/3,43,7,18,1,37,34,30
김진성,75867,2022,LG,3.10,67,0,0,6,3,0,12,0.667,236,58,44,6,22,1,54,21,20
김진성,75867,2023,LG,2.18,80,0,0,5,1,4,21,0.833,270,70 1/3,41,8,26,0,69,17,17
원종현,76118,2014,NC,4.06,73,0,0,5,3,1,11,0.625,311,71,62,7,31,8,73,36,32
원종현,76118,2016,NC,3.18,54,0,0,3,3,3,17,0.500,283,70 2/3,51,4,18,3,75,26,25
원종현,76118,2017,NC,4.39,68,0,0,3,6,0,22,0.333,346,80,86,4,19,7,69,44,39
원종현,76118,2018,NC,5.18,59,0,0,3,6,2,17,0.333,275,64 1/3,78,7,22,2,36,38,37
원종현,76118,2019,NC,3.90,60,0,0,3,3,31,0,0.500,256,60,62,4,17,3,59,31,26
원종현,76118,2020,NC,4.26,58,0,0,3,5,30,0,0.375,245,57,56,4,20,2,41,30,27
원종현,76118,2021,NC,4.25,61,0,0,2,2,14,6,0.500,245,53,67,5,23,3,45,27,25
원종현,76118,2022,NC,2.98,68,0,0,5,0,1,13,1.000,260,63 1/3,55,5,17,1,50,22,21
원종현,76118,2023,키움,5.79,20,0,0,1,1,0,6,0.500,87,18 2/3,24,3,5,1,17,16,12
신창호,76140,2006,LG,10.38,2,0,0,0,0,0,0,-,21,4 1/3,6,3,2,0,1,5,5
신창호,76140,2012,KIA,9.45,7,0,0,0,0,0,0,-,33,6 2/3,10,1,5,0,5,7,7
신창호,76140,2013,KIA,5.91,18,0,0,0,2,0,0,0.000,109,21 1/3,29,3,15,0,17,14,14
신창호,76140,2014,KIA,6.16,27,0,0,0,1,0,0,0.000,181,38,40,3,24,2,33,29,26
신창호,76140,2015,KIA,7.94,5,0,0,0,0,0,0,-,25,5 2/3,4,1,4,0,4,5,5
김기표,76119,2006,LG,0.00,3,0,0,0,0,1,1,-,20,4 1/3,3,0,3,0,3,1,0
김기표,76119,2007,LG,16.20,7,0,0,0,0,0,0,-,29,5,8,3,5,2,4,9,9
김기표,76119,2010,LG,4.43,48,0,0,2,4,2,2,0.333,185,42 2/3,41,2,13,8,24,21,21
김기표,76119,2011,LG,12.60,3,0,0,0,0,0,0,-,26,5,11,1,1,0,2,7,7
김기표,76119,2012,LG,3.04,25,0,0,3,0,0,1,1.000,111,26 2/3,27,2,7,3,13,10,9
김기표,76119,2013,LG,0.00,2,0,0,0,0,0,0,-,14,3 1/3,3,0,0,0,1,0,0
김기표,76119,2014,LG,13.50,3,0,0,0,0,0,0,-,10,2,2,2,0,1,1,3,3
김기표,76119,2015,KT,6.10,14,0,0,0,0,0,0,-,43,10 1/3,11,2,2,1,6,7,7
베로커,76120,2006,LG,4.75,11,1,0,3,4,0,1,0.429,238,53,55,3,30,5,31,28,28
윤동건,76146,2006,LG,9.00,2,0,0,0,0,0,0,-,13,2,3,0,4,0,1,2,2
텔레마코,76154,2006,LG,5.04,7,0,0,1,3,0,0,0.250,109,25,25,4,12,1,11,18,14
카라이어,76199,2006,LG,3.25,32,0,0,2,6,2,11,0.250,215,52 2/3,45,3,11,4,48,21,19
김건국,76225,2007,두산,9.00,1,0,0,0,0,0,0,-,6,1,2,0,1,0,0,1,1
김건국,76225,2018,롯데,2.53,5,0,0,1,0,0,0,1.000,41,10 2/3,11,1,0,1,9,3,3
김건국,76225,2019,롯데,4.46,37,0,0,3,3,0,3,0.500,293,66 2/3,73,5,27,6,43,34,33
김건국,76225,2020,롯데,3.98,32,0,0,3,2,0,1,0.600,139,31 2/3,30,2,9,3,31,14,14
김건국,76225,2021,롯데,6.55,13,0,0,0,0,0,0,-,104,22,27,3,14,0,17,16,16
김건국,76225,2023,KIA,6.75,6,0,0,0,1,0,0,0.000,70,16,18,0,4,1,9,12,12
김회권,76169,2006,LG,4.73,5,1,1,0,3,0,0,0.000,59,13 1/3,15,0,6,1,7,7,7
김회권,76169,2007,LG,7.88,6,0,0,0,1,0,0,0.000,43,8,11,0,7,0,6,7,7
김회권,76169,2008,LG,3.00,2,0,0,0,0,0,0,-,14,3,5,0,0,1,1,1,1
김회권,76169,2009,한화,18.00,1,0,0,0,0,0,0,-,10,2,3,2,1,0,1,4,4
정재훈,76240,2006,두산,0.00,1,0,0,0,0,0,0,-,5,1,1,0,0,1,0,0,0
정재훈,76240,2007,두산,5.03,32,0,0,1,1,2,0,0.500,146,34,36,4,11,2,12,20,19
원용묵,76262,2006,두산,8.59,17,0,0,0,0,0,0,-,41,7 1/3,10,0,8,1,7,8,7
원용묵,76262,2007,두산,1.59,16,0,0,0,0,0,0,-,48,11 1/3,10,0,6,1,8,3,2
원용묵,76262,2008,두산,4.50,1,0,0,0,0,0,0,-,8,2,2,0,1,0,1,1,1
원용묵,76262,2009,두산,8.10,1,0,0,0,0,0,0,-,18,3 1/3,6,1,2,0,1,3,3
원용묵,76262,2010,두산,4.91,9,0,0,0,0,0,0,-,33,7 1/3,7,0,4,0,4,5,4
원용묵,76262,2013,두산,9.00,1,0,0,0,0,0,0,-,6,1,1,0,2,0,0,1,1
장태종,76338,2006,현대,13.50,3,0,0,0,0,0,0,-,27,4 2/3,8,1,4,0,2,7,7
장태종,76338,2008,우리,12.10,6,0,0,0,0,0,0,-,53,9 2/3,16,2,7,1,4,13,13
이현승,76329,2006,현대,3.79,70,0,0,2,0,0,19,1.000,182,40 1/3,44,3,14,2,43,18,17
이현승,76329,2007,현대,7.15,45,0,0,1,2,0,5,0.333,105,22 2/3,33,1,9,0,14,19,18
이현승,76329,2008,우리,4.58,40,1,0,6,8,0,1,0.429,535,120,132,10,53,5,78,64,61
이현승,76329,2009,히어로즈,4.18,30,0,0,13,10,0,0,0.565,716,170,161,25,66,5,120,84,79
이현승,76329,2010,두산,4.75,46,0,0,3,6,2,4,0.333,327,77 2/3,80,8,25,3,50,45,41
이현승,76329,2011,두산,4.82,50,0,0,3,5,4,6,0.375,325,74 2/3,85,8,26,5,50,43,40
이현승,76329,2014,두산,5.07,65,0,0,3,3,0,15,0.500,259,55,68,2,23,3,39,34,31
이현승,76329,2015,두산,2.89,41,0,0,3,1,18,2,0.750,191,46 2/3,45,3,10,2,41,16,15
이현승,76329,2016,두산,4.84,56,0,0,1,4,25,1,0.200,260,57 2/3,65,8,17,7,41,36,31
이현승,76329,2017,두산,3.98,57,0,0,3,2,5,9,0.600,235,52,62,4,16,4,38,23,23
이현승,76329,2018,두산,4.99,39,0,0,1,0,0,6,1.000,140,30 2/3,39,4,14,1,21,18,17
이현승,76329,2019,두산,3.00,9,0,0,0,1,0,2,0.000,22,6,4,0,0,0,4,2,2
이현승,76329,2020,두산,5.31,62,0,0,2,1,2,10,0.667,195,42 1/3,48,2,21,2,42,27,25
이현승,76329,2021,두산,1.93,38,0,0,5,1,0,7,0.833,90,23 1/3,16,1,6,0,20,6,5
이현승,76329,2022,두산,6.23,23,0,0,1,0,0,2,1.000,43,8 2/3,13,2,4,1,9,6,6
김세현,76350,2007,현대,3.48,20,0,0,1,0,0,0,1.000,143,33 2/3,30,3,15,1,18,13,13
김세현,76350,2008,우리,7.04,11,0,0,1,2,0,0,0.333,117,23,39,1,11,1,12,22,18
김세현,76350,2009,히어로즈,5.94,18,0,0,1,3,0,0,0.250,220,47,54,4,28,3,37,36,31
김세현,76350,2011,넥센,5.96,8,0,0,2,2,0,0,0.500,111,22 2/3,27,1,15,5,10,17,15
김세현,76350,2012,넥센,4.69,30,0,0,5,9,0,0,0.357,554,121,143,9,70,3,90,68,63
김세현,76350,2013,넥센,5.15,29,0,0,5,5,0,0,0.500,455,101 1/3,119,7,48,3,55,62,58
김세현,76350,2014,넥센,8.00,34,0,0,5,2,0,2,0.714,220,45,62,3,29,5,33,43,40
김세현,76350,2015,넥센,4.38,57,1,1,4,5,0,6,0.444,389,90 1/3,90,14,28,7,85,47,44
김세현,76350,2016,넥센,2.60,62,0,0,2,0,36,0,1.000,254,62 1/3,66,2,7,0,50,19,18
김세현,76350,2017,KIA,5.40,48,0,0,1,5,18,7,0.167,230,50,65,4,15,2,47,31,30
김세현,76350,2018,KIA,6.75,40,0,0,1,6,4,0,0.143,191,40,56,4,17,2,32,32,30
김세현,76350,2019,KIA,6.23,10,0,0,0,2,0,0,0.000,48,8 2/3,11,0,9,2,5,8,6
김세현,76350,2020,SK,5.79,42,0,0,2,0,1,7,1.000,187,42,44,7,22,1,35,28,27
김세현,76350,2021,SSG,10.38,5,0,0,0,0,0,0,-,28,4 1/3,9,0,7,0,5,5,5
박민주,76393,2007,현대,0.00,1,0,0,0,0,0,0,-,1,1/3,0,0,0,0,0,0,0
조순권,76360,2007,현대,5.68,5,0,0,0,0,0,0,-,27,6 1/3,9,1,0,0,3,4,4
조순권,76360,2008,우리,6.75,8,0,0,1,0,1,0,1.000,26,5 1/3,8,1,2,1,3,4,4
조용훈,76357,2007,현대,3.21,73,0,0,4,7,9,15,0.364,336,81 1/3,65,5,28,6,52,30,29
조용훈,76357,2008,우리,3.54,52,0,0,1,6,1,6,0.143,247,56,55,2,20,9,34,29,22
조용훈,76357,2009,히어로즈,4.44,25,0,0,1,0,0,1,1.000,106,24 1/3,24,2,11,4,24,14,12
장원삼,76355,2006,현대,2.85,29,0,0,12,10,0,0,0.545,743,183 1/3,146,19,63,5,142,60,58
장원삼,76355,2007,현대,3.63,30,0,0,9,10,0,0,0.474,719,168 2/3,152,16,75,3,132,80,68
장원삼,76355,2008,우리,2.85,27,2,2,12,8,0,0,0.600,674,167 1/3,145,9,57,2,126,54,53
장원삼,76355,2009,히어로즈,5.54,19,0,0,4,8,0,0,0.333,411,91,108,17,31,6,60,57,56
장원삼,76355,2010,삼성,3.46,29,0,0,13,5,0,0,0.722,631,151,139,13,44,5,115,62,58
장원삼,76355,2011,삼성,4.15,25,0,0,8,8,0,0,0.500,509,115,139,13,37,0,68,58,53
장원삼,76355,2012,삼성,3.55,27,0,0,17,6,0,1,0.739,649,157,143,9,38,9,127,64,62
장원삼,76355,2013,삼성,4.38,27,1,0,13,10,1,0,0.565,658,154,165,21,42,9,104,85,75
장원삼,76355,2014,삼성,4.11,24,0,0,11,5,0,0,0.688,562,129 1/3,149,16,37,5,63,70,59
장원삼,76355,2015,삼성,5.80,26,0,0,10,9,0,0,0.526,599,136 2/3,151,29,50,1,107,96,88
장원삼,76355,2016,삼성,7.01,26,0,0,5,8,0,2,0.385,366,78 1/3,114,16,23,2,53,69,61
장원삼,76355,2017,삼성,5.61,49,0,0,4,5,0,6,0.444,310,67 1/3,96,8,17,5,55,48,42
장원삼,76355,2018,삼성,6.16,8,0,0,3,1,0,0,0.750,173,38,47,4,13,1,27,27,26
장원삼,76355,2019,LG,7.98,8,0,0,0,2,0,0,0.000,68,14 2/3,20,3,3,2,7,13,13
장원삼,76355,2020,롯데,7.68,13,0,0,0,3,0,0,0.000,160,34,49,6,10,3,15,32,29
정홍준,76418,2006,삼성,2.92,24,0,0,2,1,0,0,0.667,227,52 1/3,44,2,30,4,40,17,17
정홍준,76418,2008,삼성,20.25,2,0,0,0,0,0,0,-,8,1 1/3,3,2,1,0,0,3,3
정홍준,76418,2009,삼성,9.00,1,0,0,0,0,0,0,-,14,3,4,0,2,0,2,3,3
세라노,76410,2006,SK,4.12,13,0,0,2,3,0,0,0.400,269,63 1/3,50,5,26,7,58,31,29
브라운,76429,2006,삼성,2.68,27,1,0,11,9,0,0,0.550,625,154 1/3,118,14,44,13,92,50,46
브라운,76429,2007,삼성,3.33,30,0,0,12,8,0,0,0.600,681,162 1/3,155,10,43,14,68,65,60
브라운,76429,2008,LG,7.93,8,0,0,1,5,0,0,0.167,178,36 1/3,57,4,13,5,15,34,32
김상수,76430,2008,삼성,7.90,9,0,0,0,1,0,0,0.000,71,13 2/3,22,3,9,0,11,19,12
김상수,76430,2009,삼성,6.00,43,0,0,3,3,0,2,0.500,281,60,73,7,41,1,45,42,40
김상수,76430,2010,넥센,6.20,17,0,0,1,2,0,0,0.333,210,45,52,5,26,2,35,33,31
김상수,76430,2011,넥센,6.49,24,0,0,1,4,0,0,0.200,288,59 2/3,68,3,36,9,74,44,43
김상수,76430,2012,넥센,4.73,33,0,0,2,1,0,0,0.667,210,45 2/3,42,4,39,2,36,24,24
김상수,76430,2013,넥센,5.08,16,0,0,0,1,0,0,0.000,125,28 1/3,27,1,13,2,20,16,16
김상수,76430,2015,넥센,10.80,2,0,0,0,1,0,0,0.000,30,5,10,1,5,0,2,8,6
김상수,76430,2016,넥센,4.62,67,0,0,6,5,0,21,0.545,331,74,77,6,34,1,76,40,38
김상수,76430,2017,넥센,3.82,60,0,0,0,7,15,9,0.000,262,61 1/3,59,8,22,3,62,29,26
김상수,76430,2018,넥센,5.17,58,0,0,2,3,18,14,0.400,239,55 2/3,53,9,23,1,68,32,32
김상수,76430,2019,키움,3.02,67,0,0,3,5,0,40,0.375,238,56 2/3,50,3,28,2,60,19,19
김상수,76430,2020,키움,4.73,60,0,0,3,3,5,11,0.500,226,51 1/3,52,3,21,3,48,33,27
김상수,76430,2021,SSG,5.09,50,0,0,4,3,6,5,0.571,273,58 1/3,71,10,30,1,44,33,33
김상수,76430,2022,SSG,9.00,8,0,0,0,0,1,0,-,37,8,9,2,4,1,3,8,8
김상수,76430,2023,롯데,3.12,67,0,0,4,2,1,18,0.667,218,52,45,1,21,3,36,22,18
차우찬,76455,2006,삼성,3.86,9,0,0,0,0,0,0,-,38,7,10,0,4,1,9,4,3
차우찬,76455,2007,삼성,6.11,23,0,0,0,0,0,0,-,116,28,27,7,7,0,17,20,19
차우찬,76455,2008,삼성,4.17,25,0,0,0,0,1,2,-,166,36 2/3,35,3,23,1,28,20,17
차우찬,76455,2009,삼성,6.09,42,0,0,6,9,0,1,0.400,516,109 1/3,129,17,76,6,97,80,74
차우찬,76455,2010,삼성,2.14,37,2,1,10,2,0,2,0.833,528,126 1/3,106,5,51,5,112,35,30
차우찬,76455,2011,삼성,3.69,24,0,0,10,6,0,0,0.625,650,148 2/3,156,22,62,3,114,75,61
차우찬,76455,2012,삼성,6.02,26,0,0,6,7,0,2,0.462,377,83 2/3,83,11,48,1,52,59,56
차우찬,76455,2013,삼성,3.26,43,0,0,10,7,0,3,0.588,518,121 1/3,100,6,67,6,111,48,44
차우찬,76455,2014,삼성,5.60,69,0,0,3,4,0,21,0.429,375,82,86,9,42,2,79,57,51
차우찬,76455,2015,삼성,4.79,31,0,0,13,7,0,1,0.650,743,173,160,28,74,5,194,98,92
차우찬,76455,2016,삼성,4.73,24,1,0,12,6,0,0,0.667,671,152 1/3,168,16,65,8,120,87,80
차우찬,76455,2017,LG,3.43,28,0,0,10,7,0,0,0.588,732,175 2/3,171,20,38,7,157,75,67
차우찬,76455,2018,LG,6.09,29,1,0,12,10,0,0,0.545,762,170,177,27,79,10,136,119,115
차우찬,76455,2019,LG,4.12,29,0,0,13,8,0,0,0.619,730,168 1/3,181,16,59,5,124,87,77
차우찬,76455,2020,LG,5.34,13,0,0,5,5,0,0,0.500,287,64,71,8,28,2,51,39,38
차우찬,76455,2021,LG,5.24,5,0,0,2,1,0,0,0.667,99,22 1/3,16,2,13,3,12,14,13
김효남,76454,2006,삼성,4.35,21,0,0,1,0,0,0,1.000,94,20 2/3,22,2,11,1,11,12,10
김효남,76454,2010,삼성,4.13,22,0,0,0,0,0,2,-,110,24,24,2,13,1,16,15,11
김효남,76454,2011,삼성,0.00,6,0,0,0,0,0,0,-,17,4 1/3,4,0,1,0,4,0,0
김효남,76454,2012,삼성,2.76,9,0,0,0,0,0,0,-,67,16 1/3,17,2,3,1,13,5,5
김효남,76454,2013,LG,2.70,3,0,0,0,0,0,0,-,11,3 1/3,1,0,1,0,2,1,1
김기태,76461,2006,삼성,8.10,3,0,0,0,0,0,0,-,16,3 1/3,2,0,3,1,2,3,3
김기태,76461,2007,삼성,2.57,3,0,0,0,0,0,0,-,33,7,9,0,3,0,4,2,2
김기태,76461,2008,삼성,9.64,7,0,0,0,0,0,0,-,51,9 1/3,19,0,2,1,3,13,10
김기태,76461,2012,삼성,7.20,1,0,0,0,1,0,0,0.000,24,5,8,0,1,0,2,4,4
김기태,76461,2013,삼성,8.31,2,0,0,0,0,0,0,-,24,4 1/3,5,0,5,0,2,5,4
김기태,76461,2014,삼성,7.27,6,0,0,0,0,1,0,-,41,8 2/3,13,2,1,0,8,7,7
김기태,76461,2015,삼성,7.06,23,0,0,3,0,0,0,1.000,131,29 1/3,36,11,10,0,23,25,23
김기태,76461,2016,삼성,7.08,17,0,0,4,4,0,0,0.500,343,75,94,20,22,10,34,61,59
김기태,76461,2018,삼성,27.00,1,0,0,0,0,0,0,-,10,1 2/3,4,3,0,1,2,5,5
나승현,76529,2006,롯데,3.48,51,0,0,0,3,16,0,0.000,241,54 1/3,55,2,30,4,33,21,21
나승현,76529,2007,롯데,4.07,26,0,0,1,2,0,0,0.333,188,42,37,3,25,7,31,20,19
나승현,76529,2008,롯데,4.93,33,0,0,0,3,0,0,0.000,184,42,41,2,16,5,25,25,23
나승현,76529,2009,롯데,5.28,22,0,0,0,4,0,0,0.000,143,30 2/3,38,2,11,3,23,22,18
나승현,76529,2010,롯데,38.57,2,0,0,0,0,0,0,-,22,2 1/3,12,2,2,1,2,10,10
김유신,76550,2006,롯데,6.75,1,0,0,0,0,0,0,-,7,1 1/3,1,0,2,0,1,1,1
김유신,76550,2007,롯데,0.00,1,0,0,0,0,0,0,-,3,1,0,0,0,0,1,0,0
김유신,76550,2008,롯데,0.00,1,0,0,0,0,0,0,-,4,2/3,1,0,1,0,1,0,0
김유신,76550,2009,롯데,7.27,2,0,0,0,1,0,0,0.000,42,8 2/3,13,4,5,0,4,7,7
김정환,76567,2006,롯데,7.84,4,0,0,0,0,0,0,-,51,10 1/3,15,0,3,1,4,10,9
김정환,76567,2007,롯데,2.08,5,0,0,0,0,0,0,-,19,4 1/3,8,0,0,0,1,1,1
배장호,76540,2006,롯데,6.75,3,0,0,0,0,0,0,-,16,4,3,0,1,0,1,3,3
배장호,76540,2007,롯데,3.42,34,0,0,4,0,0,4,1.000,195,47 1/3,41,4,14,4,33,20,18
배장호,76540,2008,롯데,3.41,31,0,0,2,2,0,5,0.500,170,37,44,0,17,4,18,17,14
배장호,76540,2009,롯데,4.15,32,0,0,2,1,2,2,0.667,250,56 1/3,62,2,23,4,19,26,26
배장호,76540,2010,롯데,4.55,51,0,0,0,1,1,5,0.000,248,55 1/3,75,3,16,8,23,34,28
배장호,76540,2011,롯데,8.31,8,0,0,0,1,0,0,0.000,42,8 2/3,15,1,2,1,4,8,8
배장호,76540,2014,롯데,4.82,16,0,0,2,2,0,0,0.500,126,28,27,1,15,5,9,16,15
배장호,76540,2015,롯데,6.59,9,0,0,0,2,0,0,0.000,132,28 2/3,35,5,10,5,9,21,21
배장호,76540,2016,롯데,3.80,19,0,0,0,0,0,1,-,104,23 2/3,26,1,10,4,11,10,10
배장호,76540,2017,롯데,4.34,72,0,0,8,1,0,6,0.889,287,66 1/3,70,9,19,8,47,37,32
배장호,76540,2018,롯데,5.92,25,0,0,1,1,0,0,0.500,112,24 1/3,29,3,10,2,13,18,16
손영민,76639,2006,KIA,0.00,2,0,0,0,0,0,0,-,11,2,1,0,3,1,1,0,0
손영민,76639,2007,KIA,3.21,54,0,0,3,1,0,2,0.750,316,73,61,4,29,15,46,29,26
손영민,76639,2008,KIA,3.66,50,0,0,5,2,1,5,0.714,282,64,65,2,22,7,56,27,26
손영민,76639,2009,KIA,2.97,63,0,0,5,2,1,12,0.714,363,94,71,5,20,10,65,36,31
손영민,76639,2010,KIA,4.63,67,0,0,3,5,1,18,0.375,295,68,73,8,25,7,48,36,35
손영민,76639,2011,KIA,3.08,59,0,0,9,6,5,10,0.600,361,87 2/3,73,4,26,11,66,34,30
손영민,76639,2012,KIA,7.63,18,0,0,2,2,1,1,0.500,69,15 1/3,18,2,2,3,18,13,13
손영민,76639,2017,KIA,10.80,15,0,0,0,1,0,4,0.000,66,13 1/3,26,4,3,1,9,16,16
박정규,76638,2007,KIA,4.76,14,0,0,1,0,0,1,1.000,48,11 1/3,11,1,4,0,10,6,6
박정규,76638,2008,KIA,3.86,7,0,0,0,0,0,0,-,13,2 1/3,1,0,5,0,1,1,1
박정규,76638,2009,KIA,9.00,5,0,0,0,0,0,0,-,11,2,4,0,1,0,2,2,2
한기주,76610,2006,KIA,3.26,44,0,0,10,11,1,8,0.476,584,140 2/3,117,8,52,12,78,57,51
한기주,76610,2007,KIA,2.43,55,0,0,2,3,25,0,0.400,280,70 1/3,53,4,19,9,66,19,19
한기주,76610,2008,KIA,1.71,46,0,0,3,2,26,0,0.600,225,58,44,1,16,2,46,11,11
한기주,76610,2009,KIA,4.24,26,0,0,4,5,4,0,0.444,156,34,39,6,15,1,30,20,16
한기주,76610,2011,KIA,4.08,16,0,0,1,3,7,0,0.250,126,28 2/3,31,0,11,1,20,13,13
한기주,76610,2012,KIA,3.20,16,0,0,1,1,7,0,0.500,88,19 2/3,20,1,8,2,13,8,7
한기주,76610,2015,KIA,3.24,7,0,0,0,0,0,0,-,39,8 1/3,11,0,5,0,4,4,3
한기주,76610,2016,KIA,7.62,29,0,0,4,3,1,1,0.571,278,56 2/3,81,11,30,5,27,48,48
한기주,76610,2018,삼성,6.69,33,0,0,1,4,0,3,0.200,183,39,54,8,12,5,30,32,29
진해수,76650,2006,KIA,11.57,4,0,0,0,0,0,0,-,27,4 2/3,12,0,2,0,1,6,6
진해수,76650,2007,KIA,6.75,14,0,0,0,2,0,0,0.000,166,36,47,2,13,3,11,27,27
진해수,76650,2008,KIA,5.06,24,0,0,0,0,0,1,-,55,10 2/3,12,0,11,1,7,7,6
진해수,76650,2009,KIA,10.38,7,0,0,1,2,0,0,0.333,46,8 2/3,11,1,8,2,7,10,10
진해수,76650,2012,KIA,5.27,56,0,0,1,2,0,6,0.333,185,41,48,3,19,2,24,29,24
진해수,76650,2013,SK,5.55,72,0,0,2,5,0,10,0.286,223,48 2/3,52,4,25,5,40,34,30
진해수,76650,2014,SK,7.16,75,0,0,0,4,0,15,0.000,236,49,67,8,27,3,37,39,39
진해수,76650,2015,LG,5.72,39,0,0,2,2,0,4,0.500,128,28 1/3,29,2,16,5,20,19,18
진해수,76650,2016,LG,4.67,75,0,0,0,4,1,17,0.000,254,54,57,5,37,2,54,30,28
진해수,76650,2017,LG,3.93,75,0,0,3,3,1,24,0.500,221,52 2/3,52,6,15,2,48,23,23
진해수,76650,2018,LG,7.21,66,0,0,2,3,0,14,0.400,210,43 2/3,63,7,13,4,37,37,35
진해수,76650,2019,LG,3.43,72,0,0,3,1,0,20,0.750,185,42,44,2,16,2,38,17,16
진해수,76650,2020,LG,4.32,76,0,0,4,2,0,22,0.667,230,50,54,3,23,4,59,27,24
진해수,76650,2021,LG,2.44,50,0,0,1,0,0,5,1.000,188,44 1/3,41,2,18,3,39,17,12
진해수,76650,2022,LG,2.40,64,0,0,4,0,0,12,1.000,180,45,39,1,11,1,35,13,12
진해수,76650,2023,LG,3.68,19,0,0,0,0,0,2,-,72,14 2/3,18,2,10,0,12,8,6
박경태,76653,2008,KIA,6.92,13,0,0,0,0,0,0,-,54,13,9,1,7,1,8,10,10
박경태,76653,2009,KIA,5.45,36,0,0,1,2,0,2,0.333,161,34 2/3,37,7,21,1,32,24,21
박경태,76653,2010,KIA,4.98,42,0,0,0,2,0,2,0.000,148,34 1/3,35,2,14,1,23,20,19
박경태,76653,2011,KIA,6.63,50,0,0,1,3,0,6,0.250,252,54 1/3,53,3,40,3,40,43,40
박경태,76653,2012,KIA,7.34,27,0,0,1,6,0,0,0.143,153,34 1/3,41,0,14,2,26,29,28
박경태,76653,2013,KIA,4.48,42,0,0,1,5,0,4,0.167,283,62 1/3,70,2,32,2,53,33,31
박경태,76653,2014,KIA,12.27,16,0,0,0,2,0,1,0.000,136,25 2/3,49,6,13,2,17,36,35
박경태,76653,2017,KIA,9.00,3,0,0,0,0,0,0,-,24,4,7,0,3,0,3,6,4
박경태,76653,2018,KIA,5.68,4,0,0,0,0,0,0,-,29,6 1/3,7,0,2,1,6,5,4
류현진,76715,2006,한화,2.23,30,6,1,18,6,1,0,0.750,800,201 2/3,159,11,52,2,204,57,50
류현진,76715,2007,한화,2.94,30,6,1,17,7,0,0,0.708,867,211,195,15,68,3,178,74,69
류현진,76715,2008,한화,3.31,26,2,1,14,7,0,0,0.667,684,165 2/3,144,12,67,1,143,66,61
류현진,76715,2009,한화,3.57,28,4,2,13,12,0,0,0.520,793,189 1/3,180,19,67,2,188,80,75
류현진,76715,2010,한화,1.82,25,5,3,16,4,0,0,0.800,756,192 2/3,149,11,45,9,187,42,39
류현진,76715,2011,한화,3.36,24,3,0,11,7,0,0,0.611,520,126,101,12,38,1,128,54,47
류현진,76715,2012,한화,2.66,27,1,0,9,9,0,0,0.500,734,182 2/3,153,12,46,5,210,58,54
김경선,76729,2007,한화,7.62,7,0,0,0,1,0,1,0.000,62,13,19,2,5,1,6,11,11
김경선,76729,2008,한화,4.15,6,0,0,0,0,0,0,-,56,13,12,0,5,1,7,6,6
유원상,76757,2007,한화,2.84,8,0,0,2,1,1,0,0.667,76,19,14,2,9,0,13,6,6
유원상,76757,2008,한화,4.66,32,0,0,5,4,0,1,0.556,559,123 2/3,128,8,77,2,77,71,64
유원상,76757,2009,한화,6.64,24,0,0,5,10,0,0,0.333,510,107,130,23,69,6,57,83,79
유원상,76757,2010,한화,5.50,29,1,1,5,14,0,0,0.263,644,142 1/3,164,20,69,2,82,89,87
유원상,76757,2011,LG,6.29,34,0,0,1,5,0,3,0.167,279,63,75,10,20,2,44,46,44
유원상,76757,2012,LG,2.19,58,0,0,4,2,3,21,0.667,301,74,70,4,13,2,43,20,18
유원상,76757,2013,LG,4.78,37,0,0,2,1,1,8,0.667,166,37 2/3,48,2,11,2,19,23,20
유원상,76757,2014,LG,4.37,66,0,0,4,5,0,16,0.444,289,68,67,6,23,2,49,35,33
유원상,76757,2015,LG,5.59,25,0,0,1,1,0,1,0.500,163,37,44,6,12,2,22,26,23
유원상,76757,2016,LG,6.38,19,0,0,2,1,0,1,0.667,115,24,31,3,13,2,15,18,17
유원상,76757,2017,LG,6.14,6,0,0,0,0,0,0,-,36,7 1/3,8,0,4,2,1,6,5
유원상,76757,2018,NC,6.46,41,0,0,1,4,0,5,0.200,225,47 1/3,63,5,17,5,30,37,34
유원상,76757,2019,NC,5.23,15,0,0,0,3,1,0,0.000,93,20 2/3,21,2,9,1,14,15,12
유원상,76757,2020,KT,3.80,62,0,0,2,1,2,9,0.667,271,64,52,8,28,1,37,32,27
유원상,76757,2021,KT,6.08,11,0,0,1,1,0,1,0.500,62,13 1/3,15,0,7,0,13,10,9
안영진,76758,2011,한화,3.18,5,0,0,0,0,0,0,-,24,5 2/3,5,1,2,1,1,2,2
안영진,76758,2012,한화,6.75,4,0,0,0,0,0,0,-,30,5 1/3,7,0,6,1,4,10,4
임재청,76749,2006,한화,8.31,8,0,0,0,0,0,2,-,21,4 1/3,6,2,2,1,5,4,4
신해수,76763,2010,한화,0.00,2,0,0,0,0,0,0,-,7,2,2,0,0,0,1,0,0
이한진,76822,2006,SK,2.84,13,0,0,0,0,0,0,-,85,19,22,2,4,0,9,9,6
이한진,76822,2007,SK,3.50,28,0,0,1,2,0,0,0.333,187,46 1/3,41,1,5,5,18,22,18
이한진,76822,2008,SK,5.56,23,0,0,0,1,1,0,0.000,141,34,37,1,8,2,14,23,21
이한진,76822,2009,SK,7.71,3,0,0,0,0,0,0,-,22,4 2/3,5,1,2,0,2,5,4
이한진,76822,2010,SK,0.00,6,0,0,0,0,0,0,-,19,3 2/3,7,0,2,0,0,1,0
이한진,76822,2013,SK,13.50,4,0,0,0,0,0,0,-,14,2 2/3,5,0,0,1,1,4,4
이한진,76822,2014,SK,8.64,4,0,0,0,0,0,0,-,52,8 1/3,17,2,4,0,3,17,8
이한진,76822,2015,SK,3.86,3,0,0,0,0,0,0,-,24,4 2/3,4,0,5,0,1,3,2
김성훈,76829,2006,SK,2.84,2,0,0,0,1,0,0,0.000,25,6 1/3,3,1,3,0,4,2,2
양승진,76759,2008,한화,-,1,0,0,0,0,0,0,-,1,0,1,0,0,0,0,1,1
양승진,76759,2009,한화,6.00,3,0,0,0,0,0,0,-,18,3,4,0,3,2,1,2,2
양승진,76759,2010,한화,8.93,17,0,0,1,5,0,0,0.167,232,45 1/3,60,10,33,4,37,49,45
양승진,76759,2011,LG,3.86,5,0,0,0,0,0,0,-,14,2 1/3,2,0,5,0,3,1,1
양승진,76759,2012,LG,40.50,1,0,0,0,0,0,0,-,7,2/3,3,0,2,0,0,3,3
박희수,76858,2006,SK,7.71,5,0,0,0,0,0,0,-,16,2 1/3,7,0,3,0,1,2,2
박희수,76858,2010,SK,4.58,14,0,0,0,0,0,0,-,78,17 2/3,23,2,7,0,15,9,9
박희수,76858,2011,SK,1.88,39,0,0,4,2,1,8,0.667,265,67,40,3,30,3,76,19,14
박희수,76858,2012,SK,1.32,65,0,0,8,1,6,34,0.889,312,82,52,2,27,3,93,12,12
박희수,76858,2013,SK,2.27,43,0,0,1,2,24,1,0.333,185,47 2/3,31,1,13,1,46,12,12
박희수,76858,2014,SK,3.48,21,0,0,1,2,13,0,0.333,88,20 2/3,17,1,8,4,29,8,8
박희수,76858,2015,SK,5.40,14,0,0,0,0,0,2,-,51,10,13,3,8,1,12,6,6
박희수,76858,2016,SK,3.29,51,0,0,4,5,26,0,0.444,237,54 2/3,43,3,26,5,37,23,20
박희수,76858,2017,SK,6.63,48,0,0,2,6,8,9,0.250,183,38,49,8,19,4,29,29,28
박희수,76858,2018,SK,3.27,35,0,0,1,2,0,4,0.333,146,33,35,1,15,3,30,14,12
박희수,76858,2019,SK,1.57,34,0,0,0,1,1,2,0.000,124,28 2/3,29,1,13,3,14,9,5
박희수,76858,2020,SK,5.47,28,0,0,0,1,0,0,0.000,112,24 2/3,28,4,10,0,26,16,15
봉중근,77147,2007,LG,5.32,24,0,0,6,7,0,0,0.462,498,111 2/3,121,6,53,7,56,71,66
봉중근,77147,2008,LG,2.66,28,0,0,11,8,0,0,0.579,767,186 1/3,153,13,68,12,140,66,55
봉중근,77147,2009,LG,3.29,26,0,0,11,12,0,0,0.478,719,172 1/3,160,13,57,14,127,70,63
봉중근,77147,2010,LG,3.58,28,0,0,10,9,0,0,0.526,752,178 1/3,166,13,69,14,130,74,71
봉중근,77147,2011,LG,4.96,4,0,0,1,2,0,0,0.333,75,16 1/3,13,1,9,5,7,9,9
봉중근,77147,2012,LG,1.18,40,0,0,0,1,26,0,0.000,152,38,26,1,10,4,36,5,5
봉중근,77147,2013,LG,1.33,55,0,0,8,1,38,0,0.889,241,61,44,2,27,3,54,10,9
봉중근,77147,2014,LG,2.90,50,0,0,2,4,30,0,0.333,216,49 2/3,51,2,17,4,45,16,16
봉중근,77147,2015,LG,4.93,47,0,0,5,2,15,0,0.714,223,49 1/3,60,10,23,6,39,28,27
봉중근,77147,2016,LG,4.95,19,0,0,1,0,0,2,1.000,175,36 1/3,41,4,22,2,20,23,20
이승우,77154,2009,LG,8.31,5,0,0,0,3,0,0,0.000,67,13,13,0,15,1,9,12,12
이승우,77154,2012,LG,5.90,21,0,0,2,9,0,0,0.182,373,82 1/3,104,9,32,5,46,57,54
최유건,77126,2007,LG,40.50,1,0,0,0,0,0,0,-,6,2/3,4,0,0,0,0,3,3
최유건,77126,2008,LG,0.00,1,0,0,0,0,0,0,-,6,1,0,0,3,0,0,0,0
옥스프링,77199,2007,LG,3.24,14,1,0,4,5,0,0,0.444,345,80 2/3,75,1,32,1,41,37,29
옥스프링,77199,2008,LG,3.93,29,1,0,10,10,0,0,0.500,767,174,182,12,77,12,110,83,76
옥스프링,77199,2013,롯데,3.29,30,1,1,13,7,0,0,0.650,774,183 1/3,164,10,69,11,144,79,67
옥스프링,77199,2014,롯데,4.20,32,0,0,10,8,0,0,0.556,781,184 1/3,184,20,63,5,130,93,86
옥스프링,77199,2015,KT,4.48,31,3,0,12,10,0,0,0.545,806,185,200,23,66,10,142,104,92
이용찬,77211,2008,두산,1.23,8,0,0,1,0,0,0,1.000,51,14 2/3,7,1,2,0,12,2,2
이용찬,77211,2009,두산,4.20,51,0,0,0,2,26,0,0.000,176,40 2/3,33,4,19,4,34,22,19
이용찬,77211,2010,두산,3.24,47,0,0,2,1,25,0,0.667,166,41 2/3,34,7,10,1,28,16,15
이용찬,77211,2011,두산,4.19,28,0,0,6,10,0,0,0.375,575,129,136,7,60,8,99,67,60
이용찬,77211,2012,두산,3.00,26,3,1,10,11,0,0,0.476,679,162,154,5,63,6,113,58,54
이용찬,77211,2013,두산,2.70,5,0,0,0,0,0,0,-,19,3 1/3,7,0,3,0,4,1,1
이용찬,77211,2014,두산,4.24,48,0,0,5,5,17,0,0.500,221,51,56,3,16,3,47,28,24
이용찬,77211,2016,두산,2.70,5,0,0,1,0,0,2,1.000,26,6 2/3,7,0,0,0,5,2,2
이용찬,77211,2017,두산,4.40,68,0,0,5,5,22,2,0.500,324,71 2/3,83,5,27,4,57,38,35
이용찬,77211,2018,두산,3.63,25,1,0,15,3,0,0,0.833,608,144,151,14,36,8,102,62,58
이용찬,77211,2019,두산,4.07,26,0,0,7,10,0,0,0.412,651,148 1/3,168,15,45,6,102,75,67
이용찬,77211,2020,두산,8.44,5,0,0,1,3,0,0,0.250,125,26 2/3,41,7,6,0,15,25,25
이용찬,77211,2021,NC,2.19,39,0,0,1,3,16,3,0.250,151,37,27,2,11,1,35,11,9
이용찬,77211,2022,NC,2.08,59,0,0,3,3,22,0,0.500,253,60 2/3,56,3,13,3,61,16,14
이용찬,77211,2023,NC,4.13,60,0,0,4,4,29,0,0.500,254,61,53,5,19,3,51,28,28
임태훈,77251,2007,두산,2.40,64,0,0,7,3,1,20,0.700,416,101 1/3,77,2,36,5,93,28,27
임태훈,77251,2008,두산,3.41,57,0,0,6,5,6,14,0.545,354,87,69,6,28,0,83,34,33
임태훈,77251,2009,두산,3.06,58,0,0,11,5,4,13,0.688,353,88 1/3,67,3,24,3,85,30,30
임태훈,77251,2010,두산,5.30,36,0,0,9,11,1,1,0.450,578,130 2/3,134,27,47,12,103,83,77
임태훈,77251,2011,두산,3.79,19,0,0,1,1,7,0,0.500,79,19,16,3,7,1,13,8,8
임태훈,77251,2012,두산,4.65,22,0,0,4,4,0,3,0.500,232,50 1/3,53,5,36,1,33,30,26
임태훈,77251,2013,두산,11.32,9,0,0,1,1,0,0,0.500,60,10 1/3,18,1,11,0,13,13,13
임태훈,77251,2014,두산,9.82,6,0,0,0,0,0,1,-,25,3 2/3,7,0,6,1,4,4,4
이용호,77253,2015,두산,81.00,2,0,0,0,0,0,0,-,5,1/3,2,0,2,0,0,3,3
이용호,77253,2016,두산,5.40,1,0,0,0,0,0,0,-,9,1 2/3,3,0,1,0,0,1,1
이용호,77253,2017,두산,27.00,1,0,0,0,0,0,0,-,4,1/3,2,0,2,0,0,1,1
이원재,77229,2007,두산,13.50,1,0,0,0,0,0,0,-,12,2,6,0,0,0,3,3,3
이원재,77229,2008,두산,6.94,18,0,0,1,4,0,0,0.200,223,48,57,2,24,4,23,38,37
이원재,77229,2010,두산,27.00,1,0,0,0,0,0,0,-,7,1,4,2,1,0,1,3,3
이원재,77229,2012,두산,12.00,4,0,0,0,0,0,0,-,16,3,4,0,3,0,2,4,4
이원재,77229,2015,두산,12.66,12,0,0,1,0,0,0,1.000,63,10 2/3,21,2,12,1,5,15,15
이승학,77257,2007,두산,2.17,33,0,0,7,1,0,3,0.875,255,62 1/3,53,3,18,4,38,15,15
이승학,77257,2008,두산,4.98,16,0,0,6,5,0,1,0.545,269,59 2/3,75,6,18,3,25,34,33
장시환,77318,2007,현대,10.50,3,0,0,0,0,0,0,-,36,6,11,0,7,1,3,7,7
장시환,77318,2008,우리,36.00,1,0,0,0,0,0,0,-,7,1,3,2,1,0,1,4,4
장시환,77318,2009,히어로즈,14.73,2,0,0,0,0,0,0,-,27,3 2/3,9,0,6,1,1,10,6
장시환,77318,2011,넥센,7.11,4,0,0,0,0,0,0,-,32,6 1/3,8,0,4,0,6,5,5
장시환,77318,2012,넥센,5.02,21,0,0,0,6,1,1,0.000,278,61,63,3,42,4,42,35,34
장시환,77318,2013,넥센,14.29,2,0,0,0,0,0,0,-,32,5 2/3,7,1,7,0,7,9,9
장시환,77318,2014,넥센,12.15,6,0,0,0,0,0,0,-,32,6 2/3,9,0,3,0,2,9,9
장시환,77318,2015,KT,3.98,47,0,0,7,5,12,0,0.583,308,74 2/3,73,1,28,1,75,33,33
장시환,77318,2016,KT,6.33,40,0,0,3,12,6,3,0.200,365,75 1/3,93,7,43,9,67,62,53
장시환,77318,2017,롯데,4.38,53,0,0,4,4,0,10,0.500,228,51 1/3,48,6,31,4,57,28,25
장시환,77318,2018,롯데,4.66,32,0,0,1,0,0,2,1.000,174,36 2/3,39,5,19,3,44,23,19
장시환,77318,2019,롯데,4.95,27,0,0,6,13,0,0,0.316,570,125 1/3,147,12,58,2,109,78,69
장시환,77318,2020,한화,5.02,26,0,0,4,14,0,0,0.222,603,132 2/3,139,15,74,8,115,81,74
장시환,77318,2021,한화,7.04,19,1,0,0,11,0,1,0.000,342,69,87,4,48,6,47,62,54
장시환,77318,2022,한화,4.38,64,0,0,0,5,14,9,0.000,280,63 2/3,57,4,33,1,67,37,31
장시환,77318,2023,한화,3.38,39,0,0,2,2,1,7,0.500,153,34 2/3,32,1,21,4,24,13,13
김강률,77263,2008,두산,36.00,1,0,0,0,0,0,0,-,7,1,3,0,1,0,1,4,4
김강률,77263,2011,두산,3.91,19,0,0,0,0,1,3,-,117,25 1/3,30,2,13,1,20,11,11
김강률,77263,2012,두산,2.88,30,0,0,0,0,0,0,-,144,34 1/3,28,1,17,2,27,11,11
김강률,77263,2013,두산,3.20,17,0,0,0,0,0,0,-,92,19 2/3,18,1,17,0,17,8,7
김강률,77263,2014,두산,8.10,14,0,0,0,1,0,0,0.000,80,16 2/3,25,5,7,0,13,16,15
김강률,77263,2015,두산,2.45,16,0,0,3,1,0,3,0.750,67,14 2/3,14,1,10,0,7,5,4
김강률,77263,2016,두산,5.14,25,0,0,0,2,0,4,0.000,125,28,31,2,17,2,21,18,16
김강률,77263,2017,두산,3.44,70,0,0,7,2,7,12,0.778,383,89,89,6,32,3,73,39,34
김강률,77263,2018,두산,4.62,65,0,0,5,0,6,11,1.000,317,76,72,7,24,3,81,42,39
김강률,77263,2020,두산,3.54,30,0,0,2,2,0,0,0.500,141,28,36,1,20,4,28,22,11
김강률,77263,2021,두산,2.09,50,0,0,3,0,21,3,1.000,230,51 2/3,54,2,25,1,41,15,12
김강률,77263,2022,두산,4.38,26,0,0,3,4,9,1,0.429,110,24 2/3,28,2,8,2,15,13,12
김강률,77263,2023,두산,4.21,32,0,0,1,0,1,7,1.000,115,25 2/3,23,2,12,2,21,14,12
이동걸,77452,2008,삼성,0.00,1,0,0,0,0,0,0,-,3,1,0,0,0,0,0,0,0
이동걸,77452,2011,삼성,0.00,2,0,0,0,0,0,0,-,4,1 1/3,0,0,0,0,0,0,0
이동걸,77452,2012,삼성,9.00,1,0,0,0,0,0,1,-,4,1,1,0,0,0,1,1,1
이동걸,77452,2013,삼성,7.16,10,0,0,0,0,0,0,-,74,16 1/3,20,1,7,2,11,13,13
이동걸,77452,2014,한화,4.50,8,0,0,0,1,0,0,0.000,84,20,21,4,7,3,16,15,10
이동걸,77452,2015,한화,4.47,32,0,0,2,0,0,0,1.000,219,44 1/3,58,8,28,4,25,28,22
이동걸,77452,2016,한화,5.40,5,0,0,0,0,0,0,-,23,5,6,2,2,0,1,3,3
이동걸,77452,2017,한화,4.17,24,0,0,0,0,1,2,-,146,36 2/3,36,5,5,3,22,18,17
이동걸,77452,2018,한화,18.00,1,0,0,0,0,0,0,-,11,2,5,1,0,0,2,4,4
매존,77443,2007,삼성,4.18,24,0,0,7,11,0,0,0.389,544,125,130,10,45,4,76,61,58
윌슨,77444,2007,삼성,3.79,7,0,0,1,6,0,0,0.143,162,38,41,1,11,1,9,19,16
백정현,77446,2007,삼성,7.71,11,0,0,0,0,0,1,-,25,4 2/3,7,0,2,1,5,4,4
백정현,77446,2008,삼성,3.00,3,0,0,0,0,0,0,-,13,3,3,0,1,0,4,1,1
백정현,77446,2009,삼성,7.36,20,0,0,1,0,0,0,1.000,93,18 1/3,24,3,16,4,17,15,15
백정현,77446,2010,삼성,4.58,43,0,0,1,2,0,3,0.333,169,37 1/3,38,3,24,1,24,20,19
백정현,77446,2012,삼성,4.91,6,0,0,0,0,0,1,-,17,3 2/3,2,0,4,0,5,2,2
백정현,77446,2013,삼성,6.66,28,0,0,1,1,0,4,0.500,116,24 1/3,33,4,13,0,23,19,18
백정현,77446,2014,삼성,5.24,27,0,0,0,3,1,1,0.000,204,46 1/3,51,5,17,3,53,28,27
백정현,77446,2015,삼성,6.11,31,0,0,0,0,0,2,-,135,28,32,3,20,1,37,19,19
백정현,77446,2016,삼성,5.77,70,0,0,6,3,0,9,0.667,306,68 2/3,73,9,30,2,77,44,44
백정현,77446,2017,삼성,4.38,35,0,0,8,4,0,3,0.667,446,100 2/3,110,11,36,6,94,52,49
백정현,77446,2018,삼성,4.58,25,0,0,7,7,1,0,0.500,540,125 2/3,142,18,36,3,99,68,64
백정현,77446,2019,삼성,4.24,28,1,1,8,10,0,0,0.444,677,157,158,17,56,6,82,85,74
백정현,77446,2020,삼성,5.19,11,0,0,4,4,0,0,0.500,258,59,67,13,17,1,46,43,34
백정현,77446,2021,삼성,2.63,27,0,0,14,5,0,0,0.737,648,157 2/3,142,15,54,2,109,54,46
백정현,77446,2022,삼성,5.27,24,0,0,4,13,0,0,0.235,562,124 2/3,154,22,37,9,70,76,73
백정현,77446,2023,삼성,3.67,18,0,0,7,5,0,0,0.583,419,100 2/3,100,6,30,0,61,44,41
최원제,77466,2008,삼성,21.00,3,0,0,0,0,0,0,-,19,3,8,1,2,0,2,7,7
최원제,77466,2009,삼성,5.21,40,0,0,3,1,0,1,0.750,170,38,43,2,22,0,23,24,22
최원제,77466,2012,삼성,0.00,1,0,0,0,0,0,0,-,3,1,0,0,0,0,0,0,0
최원제,77466,2013,삼성,7.71,3,0,0,0,0,0,0,-,13,2 1/3,4,0,2,1,1,2,2
김이슬,77517,2007,롯데,2.70,7,0,0,0,0,0,0,-,13,3 1/3,2,0,1,0,1,1,1
김이슬,77517,2008,롯데,0.00,13,0,0,0,0,0,3,-,31,8,4,0,1,2,5,1,0
김이슬,77517,2009,롯데,12.60,14,0,0,0,0,0,1,-,56,10,19,4,6,2,4,15,14
이재곤,77566,2010,롯데,4.14,22,1,0,8,3,0,0,0.727,514,124,126,11,31,10,44,63,57
이재곤,77566,2011,롯데,6.35,39,0,0,3,5,1,2,0.375,262,56 2/3,74,9,25,5,16,52,40
이재곤,77566,2012,롯데,9.39,8,0,0,0,0,0,0,-,43,7 2/3,12,1,7,1,4,8,8
이재곤,77566,2013,롯데,6.90,10,0,0,3,3,0,0,0.500,148,30,33,3,20,9,17,23,23
이재곤,77566,2015,롯데,6.23,5,0,0,0,2,0,0,0.000,71,13,15,1,18,4,9,10,9
이상화,77563,2009,롯데,3.86,3,0,0,0,1,0,0,0.000,73,16 1/3,22,1,3,0,11,8,7
이상화,77563,2012,롯데,5.40,1,0,0,0,1,0,0,0.000,16,3 1/3,6,0,2,0,1,2,2
이상화,77563,2013,롯데,4.97,12,0,0,2,1,0,1,0.667,114,25 1/3,32,4,9,0,18,17,14
이상화,77563,2014,롯데,9.33,10,0,0,1,3,0,0,0.250,135,27,42,4,15,3,16,28,28
이상화,77563,2015,롯데,6.55,14,0,0,3,8,0,0,0.273,255,55,69,7,25,1,35,43,40
이상화,77563,2016,KT,7.99,16,0,0,0,0,0,0,-,160,32 2/3,55,7,10,0,24,32,29
이상화,77563,2017,KT,3.95,70,0,0,4,3,6,4,0.571,277,66,68,4,16,4,57,32,29
이상화,77563,2018,KT,2.61,11,0,0,0,0,2,3,-,43,10 1/3,6,0,5,1,14,3,3
이상화,77563,2020,KT,5.40,18,0,0,1,1,0,1,0.500,65,15,11,2,10,0,7,9,9
송승준,77591,2007,롯데,3.85,25,2,0,5,5,0,0,0.500,504,117,115,13,49,6,76,52,50
송승준,77591,2008,롯데,3.76,26,2,1,12,7,0,0,0.632,663,153 1/3,154,7,70,6,114,78,64
송승준,77591,2009,롯데,4.72,29,3,3,13,8,0,0,0.619,735,167 2/3,175,25,68,8,104,92,88
송승준,77591,2010,롯데,4.39,27,1,0,14,6,0,0,0.700,709,168,156,20,60,9,113,90,82
송승준,77591,2011,롯데,4.18,30,0,0,13,10,0,0,0.565,730,172 1/3,181,17,59,7,126,84,80
송승준,77591,2012,롯데,3.31,28,0,0,7,11,0,0,0.389,687,163,158,12,57,8,117,73,60
송승준,77591,2013,롯데,3.76,29,0,0,12,6,0,0,0.667,720,167 2/3,171,11,64,4,133,74,70
송승준,77591,2014,롯데,5.98,24,0,0,8,11,0,0,0.421,572,122,166,16,43,10,89,91,81
송승준,77591,2015,롯데,4.75,25,0,0,8,7,0,0,0.533,551,125,131,17,46,4,112,71,66
송승준,77591,2016,롯데,8.71,10,0,0,1,2,0,0,0.333,201,41 1/3,62,6,21,2,35,43,40
송승준,77591,2017,롯데,4.21,30,0,0,11,5,0,1,0.688,558,130 1/3,132,19,41,4,113,63,61
송승준,77591,2018,롯데,6.15,22,0,0,3,4,0,0,0.429,361,79,93,8,35,4,68,58,54
송승준,77591,2019,롯데,4.40,11,0,0,0,1,0,0,0.000,64,14 1/3,16,2,6,0,13,7,7
송승준,77591,2020,롯데,6.20,22,0,0,2,2,0,1,0.500,119,24 2/3,30,2,14,3,25,17,17
양현종,77637,2007,KIA,4.17,31,0,0,1,2,0,0,0.333,217,49 2/3,39,7,31,2,48,24,23
양현종,77637,2008,KIA,5.83,48,0,0,0,5,0,5,0.000,340,75 2/3,77,4,48,1,56,49,49
양현종,77637,2009,KIA,3.15,29,0,0,12,5,0,1,0.706,627,148 2/3,133,14,58,2,139,55,52
양현종,77637,2010,KIA,4.25,30,1,1,16,8,0,0,0.667,748,169 1/3,169,9,98,6,145,84,80
양현종,77637,2011,KIA,6.18,28,1,0,7,9,0,0,0.438,492,106 1/3,116,9,69,4,74,74,73
양현종,77637,2012,KIA,5.05,28,0,0,1,2,0,2,0.333,201,41,51,3,31,4,26,25,23
양현종,77637,2013,KIA,3.10,19,1,0,9,3,0,0,0.750,443,104 2/3,99,10,43,6,95,38,36
양현종,77637,2014,KIA,4.25,29,0,0,16,8,0,0,0.667,732,171 1/3,162,12,77,4,165,85,81
양현종,77637,2015,KIA,2.44,32,1,1,15,6,0,1,0.714,756,184 1/3,150,18,78,7,157,52,50
양현종,77637,2016,KIA,3.68,31,3,0,10,12,0,0,0.455,850,200 1/3,191,19,77,2,146,96,82
양현종,77637,2017,KIA,3.44,31,1,0,20,6,0,0,0.769,808,193 1/3,209,17,45,0,158,88,74
양현종,77637,2018,KIA,4.15,29,3,0,13,11,0,0,0.542,772,184 1/3,199,21,43,2,152,88,85
양현종,77637,2019,KIA,2.29,29,2,2,16,8,0,0,0.667,731,184 2/3,165,6,33,2,163,56,47
양현종,77637,2020,KIA,4.70,31,0,0,11,10,0,0,0.524,746,172 1/3,180,13,64,5,149,99,90
양현종,77637,2022,KIA,3.85,30,0,0,12,7,0,0,0.632,743,175 1/3,170,14,50,3,141,86,75
양현종,77637,2023,KIA,3.58,29,0,0,9,11,0,0,0.450,729,171,181,13,48,1,133,78,68
로드리게스,77649,2007,KIA,3.13,30,0,0,0,1,1,10,0.000,144,31 2/3,32,3,20,3,15,11,11
오준형,77641,2007,KIA,5.18,18,0,0,3,2,0,0,0.600,201,41 2/3,55,5,17,4,19,29,24
오준형,77641,2008,KIA,8.49,12,0,0,0,2,0,0,0.000,118,23 1/3,40,3,11,1,10,22,22
오준형,77641,2009,KIA,5.40,20,0,0,1,0,0,0,1.000,139,30,37,4,10,3,18,20,18
오준형,77641,2012,KIA,0.00,1,0,0,0,0,0,0,-,7,2,1,0,0,0,0,0,0
오준형,77641,2013,KIA,7.20,3,0,0,0,0,0,0,-,25,5,8,1,1,1,5,4,4
스코비,77658,2007,KIA,3.92,22,0,0,8,10,0,0,0.444,543,126 1/3,123,11,62,5,58,57,55
스코비,77658,2008,우리,6.95,11,0,0,2,5,0,0,0.286,264,55 2/3,81,6,24,3,25,47,43
에서튼,77659,2007,KIA,4.22,6,0,0,2,2,0,0,0.500,137,32,28,8,12,0,24,16,15
세드릭,77726,2007,한화,4.15,28,0,0,11,13,0,0,0.458,714,158 1/3,143,7,104,10,140,81,73
김혁민,77748,2007,한화,5.40,2,0,0,0,0,0,0,-,8,1 2/3,2,0,0,1,2,1,1
김혁민,77748,2008,한화,4.55,33,0,0,4,5,0,0,0.444,292,65 1/3,70,7,31,3,34,36,33
김혁민,77748,2009,한화,7.87,33,0,0,8,14,0,0,0.364,575,116 2/3,160,24,64,17,85,107,102
김혁민,77748,2010,한화,6.92,9,0,0,0,4,0,0,0.000,189,40 1/3,36,7,37,3,21,32,31
김혁민,77748,2011,한화,4.97,26,0,0,5,13,1,0,0.278,561,128 2/3,132,18,56,2,109,78,71
김혁민,77748,2012,한화,4.06,32,1,0,8,9,0,1,0.471,612,146 1/3,137,9,45,9,102,69,66
김혁민,77748,2013,한화,5.40,42,0,0,5,10,0,11,0.333,635,146 2/3,142,25,60,12,96,93,88
김혁민,77748,2014,한화,11.15,17,0,0,0,4,1,2,0.000,161,30 2/3,55,8,17,0,22,39,38
정민혁,77746,2007,한화,3.86,13,0,0,1,1,0,0,0.500,81,18 2/3,16,1,8,4,15,8,8
정민혁,77746,2011,한화,8.38,12,0,0,0,0,0,0,-,51,9 2/3,20,3,2,0,3,11,9
정민혁,77746,2012,한화,6.16,25,0,0,1,1,0,2,0.500,131,30 2/3,34,6,7,1,19,24,21
정민혁,77746,2013,한화,12.00,3,0,0,0,0,0,0,-,19,3,5,0,3,3,3,4,4
최진호,77759,2011,한화,10.13,4,0,0,0,0,0,0,-,16,2 2/3,4,0,3,1,3,3,3
김광현,77829,2007,SK,3.62,20,0,0,3,7,0,0,0.300,342,77,80,5,41,4,52,35,31
김광현,77829,2008,SK,2.39,27,1,1,16,4,0,0,0.800,659,162,127,9,63,2,150,50,43
김광현,77829,2009,SK,2.80,21,1,0,12,2,0,0,0.857,568,138 1/3,121,14,53,4,112,46,43
김광현,77829,2010,SK,2.37,31,2,1,17,7,0,0,0.708,797,193 2/3,153,13,84,5,183,56,51
김광현,77829,2011,SK,4.84,17,1,0,4,6,0,0,0.400,328,74 1/3,70,6,45,2,61,45,40
김광현,77829,2012,SK,4.30,16,0,0,8,5,0,0,0.615,347,81 2/3,85,9,36,2,65,44,39
김광현,77829,2013,SK,4.47,25,0,0,10,9,0,0,0.526,580,133,128,12,68,4,102,72,66
김광현,77829,2014,SK,3.42,28,1,0,13,9,0,0,0.591,749,173 2/3,178,10,81,3,145,77,66
김광현,77829,2015,SK,3.72,30,1,1,14,6,0,1,0.700,754,176 2/3,173,19,66,3,160,86,73
김광현,77829,2016,SK,3.88,27,1,0,11,8,0,1,0.579,583,137,139,17,41,6,116,68,59
김광현,77829,2018,SK,2.98,25,0,0,11,8,0,0,0.579,554,136,125,16,30,2,130,48,45
김광현,77829,2019,SK,2.51,31,0,0,17,6,0,0,0.739,786,190 1/3,198,13,38,2,180,64,53
김광현,77829,2022,SSG,2.13,28,0,0,13,3,0,0,0.813,694,173 1/3,141,10,45,5,153,48,41
김광현,77829,2023,SSG,3.53,30,0,0,9,8,0,0,0.529,713,168 1/3,163,11,70,2,119,75,66
레이번,77860,2007,SK,3.27,32,1,0,17,8,0,0,0.680,800,184 2/3,167,13,86,13,98,74,67
레이번,77860,2008,SK,3.30,26,0,0,5,3,0,0,0.625,587,133 2/3,129,9,65,10,68,55,49
로마노,77868,2007,SK,3.69,32,0,0,12,4,0,0,0.750,651,146 1/3,158,9,67,5,81,72,60
이창욱,77854,2014,SK,8.59,7,0,0,1,0,0,0,1.000,38,7 1/3,9,0,5,0,3,9,7
이창욱,77854,2015,SK,6.00,2,0,0,0,0,0,0,-,13,3,2,0,2,0,1,2,2
장필준,77927,2015,삼성,15.75,2,0,0,0,0,0,0,-,22,4,10,2,0,0,4,7,7
장필준,77927,2016,삼성,5.13,56,0,0,4,6,4,9,0.400,317,72,82,9,26,5,57,42,41
장필준,77927,2017,삼성,4.68,56,0,0,4,8,21,3,0.333,307,67 1/3,82,6,26,4,82,37,35
장필준,77927,2018,삼성,4.34,61,0,0,5,5,6,13,0.500,290,66 1/3,65,6,25,6,74,35,32
장필준,77927,2019,삼성,3.62,61,0,0,3,3,11,15,0.500,302,69 2/3,64,7,33,3,53,29,28
장필준,77927,2020,삼성,5.75,31,0,0,0,3,0,4,0.000,170,36,46,6,16,0,26,24,23
장필준,77927,2021,삼성,7.27,41,0,0,0,0,0,2,-,174,34 2/3,46,4,27,1,24,30,28
장필준,77927,2022,삼성,5.70,19,0,0,0,3,0,0,0.000,139,30,38,1,15,3,17,20,19
장필준,77927,2023,삼성,7.91,17,0,0,1,1,0,1,0.500,96,19 1/3,28,2,12,2,11,17,17
이범준,78119,2008,LG,4.81,38,0,0,3,2,0,0,0.600,419,91 2/3,88,7,59,7,37,54,49
이범준,78119,2009,LG,6.19,12,0,0,2,3,0,0,0.400,184,36 1/3,46,6,29,4,37,27,25
이범준,78119,2010,LG,9.64,14,0,0,1,2,0,0,0.333,143,28,37,5,19,4,13,31,30
이범준,78119,2011,LG,3.91,12,0,0,0,0,0,0,-,98,23,21,0,11,1,12,13,10
이형종,78135,2010,LG,6.52,2,0,0,1,0,0,0,1.000,43,9 2/3,11,1,5,0,5,7,7
김수형,78164,2008,LG,8.22,8,0,0,0,0,0,0,-,38,7 2/3,12,1,2,2,4,7,7
김수형,78164,2009,LG,0.00,1,0,0,0,0,0,0,-,3,2/3,1,0,0,0,0,0,0
정찬헌,78148,2008,LG,5.50,39,0,0,3,13,0,2,0.188,490,106 1/3,131,10,36,9,59,70,65
정찬헌,78148,2009,LG,5.78,55,0,0,6,5,2,10,0.545,342,76 1/3,81,12,35,5,56,49,49
정찬헌,78148,2013,LG,5.40,4,0,0,0,0,0,0,-,21,5,7,1,1,0,1,3,3
정찬헌,78148,2014,LG,4.44,51,0,0,1,3,3,8,0.250,239,52 2/3,57,5,27,5,41,26,26
정찬헌,78148,2015,LG,5.52,32,0,0,3,6,1,5,0.333,191,44,49,3,14,5,32,27,27
정찬헌,78148,2016,LG,3.38,6,0,0,0,0,0,0,-,34,8,7,0,3,1,4,3,3
정찬헌,78148,2017,LG,5.84,61,0,0,8,7,7,3,0.533,280,61 2/3,75,5,25,4,57,43,40
정찬헌,78148,2018,LG,4.85,66,0,0,5,3,27,0,0.625,299,65,76,5,24,7,50,36,35
정찬헌,78148,2019,LG,1.64,13,0,0,1,1,6,0,0.500,49,11,11,0,6,0,11,5,2
정찬헌,78148,2020,LG,3.51,19,1,1,7,4,0,0,0.636,470,110 1/3,116,10,31,4,85,51,43
정찬헌,78148,2021,키움,4.01,23,1,1,9,5,0,0,0.643,497,114 1/3,133,6,27,6,59,55,51
정찬헌,78148,2022,키움,5.36,20,0,0,5,6,0,0,0.455,390,87 1/3,106,13,28,6,42,55,52
정찬헌,78148,2023,키움,4.75,14,1,0,2,8,0,0,0.200,295,72,71,4,13,2,35,40,38
김선우,78232,2008,두산,4.25,21,0,0,6,7,0,0,0.462,448,101 2/3,126,3,23,1,46,62,48
김선우,78232,2009,두산,5.11,29,0,0,11,10,0,0,0.524,649,148,176,18,48,6,89,93,84
김선우,78232,2010,두산,4.02,28,1,0,13,6,0,0,0.684,662,154 2/3,163,12,50,8,128,77,69
김선우,78232,2011,두산,3.13,28,2,1,16,7,1,0,0.696,732,175 2/3,188,12,35,6,89,68,61
김선우,78232,2012,두산,4.52,28,1,0,6,9,0,0,0.400,691,163 1/3,182,13,41,8,63,91,82
김선우,78232,2013,두산,5.52,17,0,0,5,6,0,0,0.455,267,60 1/3,77,6,18,7,20,41,37
김선우,78232,2014,LG,14.04,6,0,0,0,1,0,0,0.000,44,8 1/3,14,2,4,1,3,13,13
노진용,78149,2009,LG,5.13,16,0,0,0,1,1,0,0.000,128,26 1/3,34,3,15,5,10,15,15
노진용,78149,2014,삼성,27.00,1,0,0,0,0,0,0,-,2,1/3,1,1,0,0,1,1,1
고창성,78248,2008,두산,2.45,5,0,0,0,0,0,0,-,19,3 2/3,5,0,3,0,2,1,1
고창성,78248,2009,두산,1.95,64,0,0,5,2,1,16,0.714,301,74,59,1,14,11,48,21,16
고창성,78248,2010,두산,3.62,73,0,0,6,4,0,22,0.600,331,82,68,7,16,11,67,37,33
고창성,78248,2011,두산,4.44,51,0,0,1,4,0,14,0.200,228,50 2/3,50,4,24,7,40,27,25
고창성,78248,2012,두산,8.62,21,0,0,3,2,0,3,0.600,75,15 2/3,22,2,7,3,5,15,15
고창성,78248,2013,NC,4.79,28,0,0,0,0,0,1,-,105,20 2/3,27,0,12,5,13,12,11
고창성,78248,2014,NC,1.80,25,0,0,1,1,0,1,0.500,107,25,25,1,7,3,11,9,5
고창성,78248,2015,NC,3.72,6,0,0,0,0,0,0,-,47,9 2/3,11,1,4,2,3,4,4
고창성,78248,2018,KT,6.69,42,0,0,2,0,0,5,1.000,183,37 2/3,57,7,11,5,23,29,28
박민석,78243,2008,두산,1.63,15,0,0,0,1,0,0,0.000,113,27 2/3,18,1,8,7,24,8,5
박민석,78243,2009,두산,8.25,5,0,0,0,0,0,0,-,59,12,15,4,7,2,9,11,11
박민석,78243,2016,NC,1.66,21,0,0,0,0,1,3,-,90,21 2/3,10,2,11,6,27,4,4
진야곱,78257,2008,두산,4.45,33,0,0,2,0,0,1,1.000,140,32 1/3,27,1,20,1,19,19,16
진야곱,78257,2009,두산,2.03,7,0,0,0,1,0,1,0.000,55,13 1/3,12,0,9,0,8,3,3
진야곱,78257,2010,두산,-,1,0,0,0,0,0,0,-,1,0,0,0,1,0,0,0,0
진야곱,78257,2015,두산,7.01,47,0,0,5,9,0,4,0.357,486,102 2/3,120,12,68,3,108,88,80
진야곱,78257,2016,두산,4.94,55,0,0,5,2,1,4,0.714,294,62,68,8,40,1,56,38,34
홍상삼,78247,2009,두산,5.23,30,0,0,9,6,0,3,0.600,527,117,114,21,71,4,96,75,68
홍상삼,78247,2010,두산,6.42,30,0,0,4,3,0,1,0.571,436,96 2/3,102,17,49,5,86,74,69
홍상삼,78247,2011,두산,6.33,6,0,0,0,1,0,0,0.000,96,21 1/3,26,6,10,2,5,16,15
홍상삼,78247,2012,두산,1.93,53,0,0,5,2,1,22,0.714,260,65 1/3,35,2,29,2,69,18,14
홍상삼,78247,2013,두산,2.50,55,0,0,5,4,5,9,0.556,309,72,51,8,45,2,77,22,20
홍상삼,78247,2014,두산,8.57,12,0,0,0,3,0,1,0.000,109,21,26,4,20,2,17,21,20
홍상삼,78247,2016,두산,5.25,11,0,0,0,1,5,1,0.000,54,12,12,0,9,0,17,7,7
홍상삼,78247,2017,두산,7.94,11,0,0,1,1,0,0,0.500,84,17,20,2,11,2,7,17,15
홍상삼,78247,2018,두산,4.30,17,0,0,1,0,0,0,1.000,66,14 2/3,13,1,12,2,13,7,7
홍상삼,78247,2019,두산,4.76,3,0,0,0,0,0,0,-,26,5 2/3,5,1,4,1,5,3,3
홍상삼,78247,2020,KIA,5.06,57,0,0,4,5,0,17,0.444,229,48,32,5,54,3,61,27,27
홍상삼,78247,2021,KIA,4.75,49,0,0,4,1,0,12,0.800,160,36,33,6,19,3,33,19,19
홍상삼,78247,2022,KIA,5.82,24,0,0,2,1,0,1,0.667,100,21 2/3,19,3,15,1,19,16,14
레이어,78256,2008,두산,5.66,12,0,0,0,6,0,0,0.000,161,35,49,0,10,3,20,23,22
다카쓰,78333,2008,우리,0.86,18,0,0,1,0,8,0,1.000,85,21,16,1,5,4,18,2,2
임창민,78352,2009,히어로즈,36.00,2,0,0,0,0,0,0,-,8,1,2,0,3,0,0,4,4
임창민,78352,2012,넥센,4.50,3,0,0,0,0,0,0,-,18,4,3,0,3,0,2,2,2
임창민,78352,2013,NC,3.76,54,0,0,6,6,4,9,0.500,264,64 2/3,41,10,32,2,63,29,27
임창민,78352,2014,NC,4.39,41,0,0,6,3,1,5,0.667,240,53 1/3,50,5,29,2,53,28,26
임창민,78352,2015,NC,3.80,61,0,0,1,5,31,0,0.167,266,64,57,7,21,1,72,28,27
임창민,78352,2016,NC,2.57,65,0,0,1,3,26,6,0.250,302,70,61,5,30,5,91,22,20
임창민,78352,2017,NC,3.68,60,0,0,4,3,29,0,0.571,272,66,60,10,23,1,62,27,27
임창민,78352,2018,NC,6.43,8,0,0,0,1,3,0,0.000,33,7,8,2,2,0,9,6,5
임창민,78352,2019,NC,2.40,20,0,0,0,1,0,2,0.000,64,15,14,1,8,1,10,6,4
임창민,78352,2020,NC,5.26,44,0,0,7,2,0,11,0.778,179,37 2/3,39,4,23,2,44,26,22
임창민,78352,2021,NC,3.79,46,0,0,0,3,0,17,0.000,178,40 1/3,35,2,20,4,29,23,17
임창민,78352,2022,두산,3.95,32,0,0,0,0,2,6,-,124,27 1/3,26,3,10,3,21,15,12
임창민,78352,2023,키움,2.51,51,0,0,2,2,26,1,0.500,209,46 2/3,51,3,17,2,40,16,13
김성현,78353,2008,우리,4.03,22,0,0,0,4,1,0,0.000,162,38,29,0,20,2,30,20,17
김성현,78353,2009,히어로즈,6.99,27,0,0,2,4,0,0,0.333,299,65 2/3,72,10,43,2,48,53,51
김성현,78353,2010,넥센,4.90,24,0,0,7,8,0,0,0.467,385,90,91,10,41,1,60,51,49
김성현,78353,2011,LG,5.43,25,0,0,4,9,0,0,0.308,528,117 2/3,128,10,67,2,68,75,71
민태호,78366,2008,우리,5.68,6,0,0,1,0,0,0,1.000,29,6 1/3,6,0,5,0,3,4,4
민태호,78366,2014,NC,9.00,1,0,0,0,0,0,0,-,5,1,2,0,0,0,0,1,1
민태호,78366,2015,NC,4.91,21,0,0,1,0,0,0,1.000,128,25 2/3,28,2,23,4,21,17,14
민태호,78366,2016,NC,6.04,25,0,0,2,0,0,1,1.000,131,28 1/3,33,2,15,4,18,20,19
민태호,78366,2017,NC,6.23,7,0,0,0,0,0,0,-,39,8 2/3,10,1,3,2,7,6,6
민태호,78366,2018,NC,5.59,8,0,0,1,0,0,0,1.000,42,9 2/3,11,1,4,1,4,7,6
민태호,78366,2019,NC,11.81,7,0,0,0,0,0,0,-,29,5 1/3,12,1,1,0,6,7,7
에니스,78431,2008,삼성,3.03,7,0,0,1,3,0,1,0.250,125,29 2/3,30,3,7,0,20,11,10
션,78430,2008,삼성,10.73,7,0,0,0,6,0,0,0.000,139,26,44,4,16,2,12,33,31
오버뮬러,78435,2008,삼성,5.82,17,0,0,6,8,0,0,0.429,364,82,92,10,29,6,49,54,53
김대우,78536,2009,롯데,27.00,1,0,0,0,1,0,0,0.000,13,1 2/3,2,0,6,0,0,5,5
김대우,78536,2010,롯데,14.09,3,0,0,0,2,0,0,0.000,39,7 2/3,15,2,3,0,4,12,12
김대우,78536,2018,롯데,13.50,5,0,0,0,0,0,0,-,19,3 1/3,8,2,1,0,2,5,5
김대우,78536,2020,롯데,3.10,46,0,0,0,1,0,0,0.000,216,49 1/3,48,1,26,2,43,22,17
김대우,78536,2021,롯데,5.09,39,0,0,2,2,0,9,0.500,160,35 1/3,32,4,24,4,31,22,20
김대우,78536,2022,롯데,4.50,10,0,0,0,0,0,1,-,43,10,6,0,8,0,8,5,5
김일엽,78543,2008,롯데,3.21,32,0,0,2,1,1,5,0.667,206,47 2/3,45,6,21,3,18,20,17
김일엽,78543,2009,롯데,7.36,18,0,0,0,5,0,0,0.000,244,51 1/3,66,14,27,6,27,45,42
김일엽,78543,2010,롯데,4.87,36,0,0,2,1,3,3,0.667,190,44 1/3,46,9,12,3,33,24,24
김일엽,78543,2011,롯데,4.71,23,0,0,1,0,0,1,1.000,127,28 2/3,31,3,11,3,21,15,15
김일엽,78543,2012,롯데,40.50,1,0,0,0,0,0,0,-,7,2/3,4,0,1,0,0,4,3
김일엽,78543,2013,한화,9.45,7,0,0,0,0,0,0,-,38,6 2/3,9,0,6,3,2,7,7
하준호,78517,2009,롯데,7.30,20,0,0,0,1,0,3,0.000,54,12 1/3,7,1,11,1,7,10,10
하준호,78517,2010,롯데,24.00,5,0,0,0,1,0,1,0.000,23,3,9,2,5,1,2,9,8
하준호,78517,2019,KT,1.13,8,0,0,0,0,0,0,-,33,8,4,1,4,0,11,1,1
하준호,78517,2020,KT,6.05,42,0,0,0,3,0,5,0.000,189,41 2/3,38,1,27,2,26,30,28
하준호,78517,2021,KT,6.75,10,0,0,0,0,0,0,-,56,12,16,2,6,0,10,10,9
하준호,78517,2022,KT,8.27,20,0,0,0,1,0,0,0.000,77,16 1/3,16,2,16,1,15,16,15
하준호,78517,2023,KT,4.15,12,0,0,0,1,0,0,0.000,65,13,14,0,10,5,6,9,6
김수완,78550,2010,롯데,3.96,13,1,1,5,2,0,0,0.714,266,63 2/3,61,9,16,5,44,32,28
김수완,78550,2011,롯데,6.69,24,0,0,0,3,0,1,0.000,166,35,46,2,17,1,29,29,26
김수완,78550,2012,롯데,3.76,24,0,0,2,0,0,0,1.000,168,40 2/3,37,3,13,1,24,20,17
김수완,78550,2013,롯데,4.09,15,0,0,1,0,0,0,1.000,222,50 2/3,57,4,25,2,22,28,23
김수완,78550,2014,두산,33.75,2,0,0,0,0,0,0,-,12,1 1/3,7,0,1,0,0,5,5
김수완,78550,2015,두산,8.80,9,0,0,0,0,0,0,-,80,15 1/3,22,4,9,3,13,15,15
강승현,78552,2013,롯데,9.00,2,0,0,0,1,0,0,0.000,10,2,3,0,1,0,2,3,2
강승현,78552,2014,롯데,25.41,3,0,0,0,0,0,0,-,37,5 2/3,18,2,2,0,3,19,16
강승현,78552,2016,롯데,9.72,6,0,0,0,0,0,0,-,43,8 1/3,14,2,5,0,7,9,9
강승현,78552,2017,한화,5.87,31,0,0,0,1,0,1,0.000,167,38 1/3,42,4,15,0,40,26,25
강승현,78552,2018,한화,5.40,2,0,0,0,0,0,0,-,8,1 2/3,3,1,0,0,2,1,1
코르테스,78551,2008,롯데,2.84,13,0,0,2,1,8,0,0.667,51,12 2/3,14,1,3,0,10,4,4
매클레리,78574,2008,롯데,4.60,19,1,0,5,5,0,0,0.500,450,101 2/3,115,5,52,4,43,55,52
리마,78627,2008,KIA,4.89,14,0,0,3,6,0,1,0.333,308,70,72,5,31,4,28,47,38
전우엽,78650,2008,KIA,-,1,0,0,0,0,0,0,-,3,0,3,0,0,0,0,3,3
전우엽,78650,2009,KIA,0.00,3,0,0,0,0,0,0,-,17,4,4,0,1,0,4,0,0
전우엽,78650,2010,KIA,5.71,12,0,0,2,5,0,0,0.286,197,41,47,5,23,6,37,29,26
데이비스,78648,2008,KIA,3.98,10,0,0,2,5,0,0,0.286,265,61,61,2,31,0,42,29,27
서재응,78640,2008,KIA,4.08,16,0,0,5,5,0,0,0.500,346,79 1/3,90,7,25,4,45,37,36
서재응,78640,2009,KIA,6.13,21,0,0,5,4,0,0,0.556,367,79 1/3,101,12,30,8,53,56,54
서재응,78640,2010,KIA,3.34,24,0,0,9,7,0,0,0.563,572,140,134,10,29,11,68,53,52
서재응,78640,2011,KIA,4.28,30,1,0,8,9,2,2,0.471,562,130 1/3,144,7,36,11,84,68,62
서재응,78640,2012,KIA,2.59,29,2,2,9,8,0,0,0.529,663,160,143,7,51,7,97,51,46
서재응,78640,2013,KIA,6.54,19,0,0,5,9,0,0,0.357,394,84,116,5,33,4,36,69,61
서재응,78640,2014,KIA,6.40,16,0,0,0,2,0,2,0.000,152,32 1/3,45,6,10,3,18,25,23
서재응,78640,2015,KIA,4.95,9,0,0,1,4,0,0,0.200,174,40,52,5,8,5,16,23,22
디아즈,78665,2008,KIA,2.98,12,0,0,0,2,0,0,0.000,191,45 1/3,43,2,19,4,23,18,15
윤기호,78730,2008,한화,6.35,11,0,0,0,0,0,0,-,30,5 2/3,6,0,7,0,3,4,4
윤기호,78730,2009,한화,0.00,1,0,0,0,0,0,0,-,2,1/3,0,0,1,0,1,0,0
윤기호,78730,2010,한화,-,1,0,0,0,0,0,0,-,2,0,2,0,0,0,0,1,1
윤기호,78730,2011,한화,4.50,1,0,0,0,0,0,0,-,9,2,3,0,0,0,0,1,1
윤기호,78730,2014,한화,-,1,0,0,0,0,0,0,-,3,0,3,0,0,0,0,2,2
윤기호,78730,2015,한화,6.75,3,0,0,0,0,0,0,-,10,2 2/3,2,1,1,0,0,2,2
토마스,78726,2008,한화,2.84,59,0,0,3,6,31,0,0.333,257,63 1/3,52,3,23,4,63,21,20
토마스,78726,2009,한화,2.88,45,0,0,2,5,13,0,0.286,203,50,43,2,20,1,56,20,16
정대훈,78760,2008,한화,0.00,2,0,0,0,0,0,0,-,11,2 2/3,3,0,2,0,1,0,0
정대훈,78760,2012,한화,5.23,16,0,0,0,0,0,2,-,42,10 1/3,4,2,5,3,6,6,6
정대훈,78760,2013,한화,3.60,13,0,0,2,0,0,1,1.000,72,15,17,0,8,4,2,6,6
정대훈,78760,2014,한화,7.23,34,0,0,3,2,1,0,0.600,205,42 1/3,64,4,14,9,14,38,34
정대훈,78760,2015,한화,4.75,51,0,0,1,1,0,2,0.500,162,36,44,4,14,5,12,21,19
정대훈,78760,2016,한화,4.89,36,0,0,1,0,0,0,1.000,171,38 2/3,47,3,10,1,26,24,21
이상훈,78847,2011,SK,0.00,1,0,0,0,0,0,1,-,2,1/3,0,0,0,1,0,0,0
김준,78823,2008,SK,9.00,1,0,0,0,0,0,0,-,7,1,2,0,1,1,2,1,1
김준,78823,2012,SK,0.00,4,0,0,0,0,0,0,-,14,3,4,0,1,0,3,0,0
김준,78823,2013,SK,2.84,13,0,0,1,0,0,0,1.000,27,6 1/3,6,0,2,0,1,2,2
김준,78823,2014,KIA,-,1,0,0,0,0,0,0,-,2,0,0,0,1,0,0,0,0
김준,78823,2015,KIA,2.08,6,0,0,0,0,0,0,-,20,4 1/3,6,0,2,0,1,2,1
임성헌,78843,2008,SK,0.00,1,0,0,0,0,0,0,-,1,1/3,0,0,0,0,0,0,0
임성헌,78843,2009,SK,1.42,16,0,0,1,1,0,0,0.500,79,19,15,1,10,0,14,4,3
임성헌,78843,2010,SK,10.38,8,0,0,0,0,0,0,-,44,8 2/3,16,5,3,0,3,10,10
백청훈,78819,2013,SK,3.55,19,0,0,5,5,0,0,0.500,390,91 1/3,85,5,36,8,50,40,36
백청훈,78819,2014,SK,18.32,6,0,0,0,1,0,0,0.000,57,9 1/3,22,3,7,3,3,19,19
백청훈,78819,2015,SK,4.79,7,0,0,1,2,0,0,0.333,94,20 2/3,24,2,11,2,14,13,11
백청훈,78819,2017,SK,2.41,11,0,0,0,0,2,2,-,74,18 2/3,15,0,5,4,10,5,5
백청훈,78819,2018,SK,9.42,18,0,0,1,2,0,1,0.333,72,14 1/3,17,4,9,3,14,15,15
백청훈,78819,2019,SK,6.75,5,0,0,0,0,1,1,-,20,4,7,0,1,0,4,3,3
백청훈,78819,2020,LG,20.25,2,0,0,0,0,0,0,-,8,1 1/3,4,1,0,0,0,3,3
얀,78853,2008,SK,2.15,17,0,0,1,2,6,0,0.333,118,29 1/3,24,1,8,0,17,7,7
레이,78869,2008,SK,6.64,5,0,0,1,2,0,0,0.333,98,20 1/3,26,1,15,0,11,15,15
쿠비얀,78868,2008,SK,12.86,3,0,0,1,2,0,0,0.333,36,7,8,1,8,0,3,10,10
한희,79138,2009,LG,6.35,26,0,0,1,4,0,0,0.200,311,66 2/3,74,11,36,10,45,48,47
한희,79138,2010,LG,8.10,11,0,0,0,1,0,0,0.000,96,20,23,6,11,3,17,18,18
한희,79138,2011,LG,2.27,47,0,0,2,1,0,7,0.667,275,67 1/3,47,3,22,7,51,19,17
한희,79138,2012,LG,5.31,19,0,0,1,1,0,4,0.500,90,20 1/3,24,3,6,2,11,12,12
최성민,79137,2009,LG,7.56,7,0,0,0,1,0,0,0.000,42,8 1/3,10,0,10,1,5,8,7
최성민,79137,2010,LG,3.86,8,0,0,2,2,0,0,0.500,142,32 2/3,22,1,28,3,17,16,14
최성민,79137,2011,LG,3.38,18,0,0,2,1,0,1,0.667,103,21 1/3,18,0,23,3,12,8,8
강지광,79130,2018,SK,21.00,4,0,0,0,0,0,0,-,21,3,8,1,4,0,3,7,7
강지광,79130,2019,SK,3.95,25,0,0,2,4,0,6,0.333,115,27 1/3,24,0,11,0,15,14,12
강지광,79130,2020,SK,4.91,6,0,0,0,0,0,0,-,20,3 2/3,7,1,1,0,4,3,2
강지광,79130,2021,SSG,36.00,1,0,0,0,0,0,0,-,10,1,3,0,4,0,1,4,4
최동환,79140,2009,LG,7.07,38,0,0,1,1,1,3,0.500,179,35 2/3,45,6,29,5,13,31,28
최동환,79140,2010,LG,-,1,0,0,0,0,0,0,-,2,0,0,0,2,0,0,0,0
최동환,79140,2014,LG,11.57,1,0,0,0,0,0,0,-,12,2 1/3,2,1,3,0,2,3,3
최동환,79140,2015,LG,8.27,17,0,0,0,0,0,0,-,101,20 2/3,32,7,6,2,21,19,19
최동환,79140,2016,LG,4.41,26,0,0,2,0,1,0,1.000,151,34 2/3,30,2,15,4,22,18,17
최동환,79140,2017,LG,5.68,35,0,0,1,2,1,5,0.333,171,38,39,9,15,5,31,26,24
최동환,79140,2018,LG,4.62,28,0,0,1,0,0,1,1.000,156,37,33,6,11,3,28,19,19
최동환,79140,2019,LG,6.26,18,0,0,1,0,0,0,1.000,107,23,25,4,10,3,13,17,16
최동환,79140,2020,LG,3.47,54,0,0,4,1,0,4,0.800,228,57,54,6,12,2,42,23,22
최동환,79140,2021,LG,9.53,8,0,0,0,0,0,0,-,28,5 2/3,6,0,4,2,2,6,6
최동환,79140,2022,LG,4.14,47,0,0,0,1,0,0,0.000,210,50,45,5,17,1,30,23,23
최동환,79140,2023,LG,3.19,45,0,0,0,0,1,1,-,189,42 1/3,42,1,17,3,20,18,15
존슨,79156,2009,LG,5.28,5,0,0,1,2,0,0,0.333,136,29,34,2,15,3,26,20,17
배우열,79191,2009,LG,9.00,4,0,0,0,0,0,1,-,18,4,5,1,2,0,3,4,4
배우열,79191,2010,LG,19.80,4,0,0,0,0,0,0,-,30,5,11,2,3,1,5,11,11
배우열,79191,2015,KT,5.63,12,0,0,0,0,0,1,-,70,16,21,2,4,0,17,10,10
배우열,79191,2016,KT,4.02,36,0,0,1,1,1,4,0.500,175,40 1/3,47,2,18,0,29,21,18
배우열,79191,2017,KT,8.65,26,0,0,0,2,0,3,0.000,177,34 1/3,58,7,9,4,33,33,33
배우열,79191,2018,KT,1.59,5,0,0,0,0,0,0,-,28,5 2/3,7,0,3,0,9,2,1
세데뇨,79230,2009,두산,5.70,28,0,0,4,7,0,1,0.364,350,71,105,5,48,2,41,50,45
성영훈,79222,2009,두산,3.38,9,0,0,2,0,0,0,1.000,45,10 2/3,10,0,4,0,7,6,4
성영훈,79222,2010,두산,4.96,15,0,0,0,1,0,0,0.000,75,16 1/3,19,0,4,3,12,10,9
성영훈,79222,2017,두산,0.00,1,0,0,0,0,0,0,-,4,1,0,0,1,0,0,0,0
바우어,79199,2009,LG,7.90,7,0,0,2,2,0,0,0.500,129,27 1/3,31,5,18,2,15,24,24
유희관,79229,2009,두산,4.05,16,0,0,0,0,0,0,-,61,13 1/3,15,1,7,0,10,7,6
유희관,79229,2010,두산,10.80,5,0,0,0,0,0,0,-,17,3 1/3,5,0,1,1,1,4,4
유희관,79229,2013,두산,3.53,41,0,0,10,7,1,3,0.588,612,145 1/3,141,7,52,7,96,60,57
유희관,79229,2014,두산,4.42,30,1,0,12,9,0,0,0.571,779,177 1/3,202,21,51,8,112,98,87
유희관,79229,2015,두산,3.94,30,1,1,18,5,0,0,0.783,786,189 2/3,193,23,44,4,126,84,83
유희관,79229,2016,두산,4.41,30,0,0,15,6,0,0,0.714,809,185 2/3,212,22,58,6,102,95,91
유희관,79229,2017,두산,4.53,30,2,1,11,6,0,1,0.647,822,188 2/3,228,20,41,10,106,104,95
유희관,79229,2018,두산,6.70,29,0,0,10,10,0,0,0.500,650,141,197,23,42,4,81,108,105
유희관,79229,2019,두산,3.25,28,2,0,11,8,0,0,0.579,692,166 1/3,171,8,42,3,64,67,60
유희관,79229,2020,두산,5.02,27,0,0,10,11,0,0,0.476,622,136 1/3,190,14,39,3,56,91,76
유희관,79229,2021,두산,7.71,15,0,0,4,7,0,0,0.364,314,63,107,10,24,3,23,57,54
조승수,79235,2009,두산,14.73,3,0,0,0,0,0,0,-,19,3 2/3,4,1,3,1,1,6,6
조승수,79235,2010,두산,6.87,23,0,0,1,2,0,1,0.333,172,36 2/3,51,8,9,3,23,31,28
조승수,79235,2011,두산,10.13,4,0,0,0,0,0,0,-,27,5 1/3,7,0,2,1,4,6,6
조승수,79235,2015,두산,9.00,1,0,0,0,0,0,0,-,6,1,2,1,1,0,1,1,1
조승수,79235,2016,두산,10.80,7,0,0,0,0,0,0,-,46,8 1/3,13,2,4,4,2,10,10
조승수,79235,2017,두산,-,1,0,0,0,0,0,0,-,2,0,0,0,0,2,0,0,0
오현택,79293,2009,두산,4.45,17,0,0,0,0,0,0,-,130,30 1/3,33,4,13,1,22,15,15
오현택,79293,2010,두산,6.46,12,0,0,1,0,0,0,1.000,69,15 1/3,18,2,6,0,11,12,11
오현택,79293,2013,두산,2.70,67,0,0,5,3,5,7,0.625,302,73 1/3,65,6,19,8,65,23,22
오현택,79293,2014,두산,3.65,58,0,0,4,3,0,4,0.571,300,66 2/3,81,6,18,5,56,28,27
오현택,79293,2015,두산,5.30,61,0,0,1,3,0,13,0.250,239,56,59,6,16,4,45,33,33
오현택,79293,2016,두산,6.10,20,0,0,1,0,0,4,1.000,91,20 2/3,29,3,3,2,17,14,14
오현택,79293,2018,롯데,3.76,72,0,0,3,2,0,25,0.600,268,64 2/3,66,11,12,3,63,32,27
오현택,79293,2019,롯데,4.97,15,0,0,1,0,0,0,1.000,56,12 2/3,15,6,2,1,8,9,7
오현택,79293,2020,롯데,3.75,48,0,0,3,1,0,7,0.750,152,36,37,5,8,2,17,15,15
오현택,79293,2021,롯데,6.61,20,0,0,0,1,0,1,0.000,87,16 1/3,28,2,8,1,8,13,12
전인환,79339,2016,LG,0.00,5,0,0,0,0,0,0,-,26,6 1/3,4,0,3,1,5,0,0
전인환,79339,2018,LG,4.76,5,0,0,0,0,0,0,-,25,5 2/3,7,0,3,0,4,3,3
장영석,79334,2011,넥센,13.50,2,0,0,0,0,0,0,-,12,2,2,0,4,0,0,4,3
강윤구,79358,2009,히어로즈,5.51,45,0,0,3,2,1,2,0.600,363,80,64,12,70,0,79,52,49
강윤구,79358,2010,넥센,7.20,5,0,0,1,1,0,0,0.500,71,15,15,2,13,1,11,13,12
강윤구,79358,2011,넥센,2.14,6,0,0,3,1,0,0,0.750,84,21,15,0,11,0,11,5,5
강윤구,79358,2012,넥센,4.08,27,1,0,4,7,0,0,0.364,530,125 2/3,89,14,74,7,127,58,57
강윤구,79358,2013,넥센,4.36,41,0,0,6,6,0,7,0.500,568,130,112,6,75,8,131,69,63
강윤구,79358,2014,넥센,7.71,24,0,0,1,1,0,1,0.500,215,42,60,17,32,1,36,43,36
강윤구,79358,2016,넥센,18.00,1,0,0,0,0,0,0,-,5,1,1,1,1,0,0,2,2
강윤구,79358,2017,NC,4.45,36,0,0,2,1,0,0,0.667,245,54 2/3,57,14,24,2,51,30,27
강윤구,79358,2018,NC,6.09,69,0,0,7,5,1,17,0.583,243,54 2/3,54,10,26,1,65,41,37
강윤구,79358,2019,NC,4.47,67,0,0,3,3,0,15,0.500,242,56 1/3,55,4,24,4,49,29,28
강윤구,79358,2020,NC,6.86,30,0,0,1,1,0,3,0.500,103,21,31,3,11,0,15,16,16
강윤구,79358,2021,롯데,8.44,22,0,0,0,1,0,3,0.000,79,16,21,3,14,1,15,15,15
강윤구,79358,2022,롯데,5.48,29,0,0,0,0,0,0,-,97,21 1/3,25,0,6,1,27,17,13
고원준,79349,2010,넥센,4.12,30,0,0,5,7,0,0,0.417,570,131,123,15,61,12,87,64,60
고원준,79349,2011,롯데,4.19,36,3,2,9,7,2,0,0.563,670,152 2/3,163,15,59,6,85,77,71
고원준,79349,2012,롯데,4.25,19,0,0,3,7,0,0,0.300,440,95 1/3,109,7,43,11,45,52,45
고원준,79349,2013,롯데,5.61,13,0,0,1,4,0,0,0.200,233,51 1/3,64,4,22,3,26,37,32
고원준,79349,2016,두산,5.47,14,0,0,1,1,0,1,0.500,114,24 2/3,31,2,11,5,21,15,15
고원준,79349,2017,두산,10.61,5,0,0,0,1,0,0,0.000,52,9 1/3,17,0,8,0,6,11,11
나이트,79430,2009,삼성,3.56,11,0,0,6,2,0,0,0.750,260,60 2/3,52,5,28,2,51,26,24
나이트,79430,2010,삼성,4.54,21,0,0,6,5,0,0,0.545,375,83 1/3,87,5,42,2,66,47,42
나이트,79430,2011,넥센,4.70,30,0,0,7,15,0,0,0.318,768,172 1/3,169,12,98,12,115,98,90
나이트,79430,2012,넥센,2.20,30,2,1,16,4,0,0,0.800,832,208 2/3,180,6,53,7,102,60,51
나이트,79430,2013,넥센,4.43,30,0,0,12,10,0,0,0.545,769,172 2/3,192,10,79,14,129,96,85
나이트,79430,2014,넥센,5.52,6,0,0,1,2,0,0,0.333,142,29 1/3,36,5,22,1,19,22,18
박민규,79448,2009,삼성,4.95,9,0,0,0,2,0,0,0.000,90,20,19,2,16,0,8,12,11
박민규,79448,2010,삼성,5.40,2,0,0,0,0,0,0,-,25,5,6,0,4,0,6,3,3
박민규,79448,2011,삼성,8.10,7,0,0,0,0,0,0,-,35,6 2/3,9,1,6,0,3,6,6
박민규,79448,2016,삼성,4.26,6,0,0,0,0,0,0,-,29,6 1/3,7,0,5,0,4,3,3
크루세타,79435,2009,삼성,4.36,30,1,1,9,10,0,0,0.474,700,157,134,11,109,6,127,90,76
크루세타,79435,2010,삼성,5.25,26,0,0,6,10,0,1,0.375,442,97 2/3,106,8,54,5,78,62,57
정인욱,79440,2010,삼성,5.31,28,0,0,4,2,0,1,0.667,272,61,55,9,37,2,60,42,36
정인욱,79440,2011,삼성,2.25,31,0,0,6,2,0,0,0.750,323,80,56,9,32,4,60,22,20
정인욱,79440,2012,삼성,2.49,13,0,0,1,1,0,0,0.500,104,25 1/3,17,0,11,2,16,7,7
정인욱,79440,2015,삼성,8.28,12,0,0,2,2,1,0,0.500,143,29 1/3,40,5,16,2,29,27,27
정인욱,79440,2016,삼성,6.81,27,0,0,4,7,0,0,0.364,533,111,138,19,62,8,70,92,84
정인욱,79440,2017,삼성,9.84,9,0,0,1,4,0,0,0.200,159,32,46,9,14,4,27,37,35
정인욱,79440,2018,삼성,3.48,19,0,0,1,0,0,0,1.000,137,31,31,3,9,3,27,17,12
정인욱,79440,2019,삼성,7.06,12,0,0,0,2,0,0,0.000,106,21 2/3,24,1,15,2,15,17,17
정인욱,79440,2020,삼성,8.44,5,0,0,0,0,0,0,-,26,5 1/3,5,1,4,1,3,5,5
정인욱,79440,2021,한화,4.82,8,0,0,0,0,0,0,-,44,9 1/3,6,2,10,0,6,6,5
이우선,79442,2009,삼성,6.11,16,0,0,2,0,0,0,1.000,223,45 2/3,58,10,28,5,33,32,31
이우선,79442,2010,삼성,4.35,32,0,0,1,3,1,0,0.250,291,68 1/3,68,10,24,2,42,34,33
이우선,79442,2011,삼성,3.35,35,0,0,0,0,0,0,-,211,51,47,5,14,3,35,19,19
이우선,79442,2012,삼성,1.59,4,0,0,0,0,0,0,-,22,5 2/3,2,1,3,0,5,1,1
이우선,79442,2013,삼성,3.27,10,0,0,0,1,0,0,0.000,49,11,11,0,5,1,2,4,4
이우선,79442,2014,삼성,0.00,1,0,0,0,0,0,0,-,2,1/3,0,0,1,0,0,0,0
양지훈,79468,2009,삼성,10.80,7,0,0,0,0,0,0,-,25,5,7,1,4,0,2,6,6
에르난데스,79461,2009,삼성,5.70,10,0,0,2,3,0,0,0.400,196,42 2/3,51,3,21,1,24,30,27
허준혁,79535,2010,롯데,4.28,57,0,0,1,0,1,9,1.000,182,40,43,5,22,3,30,22,19
허준혁,79535,2011,롯데,12.00,7,0,0,0,0,0,0,-,16,3,3,1,6,0,2,4,4
허준혁,79535,2012,SK,3.86,15,0,0,0,0,0,1,-,77,16 1/3,17,1,13,1,7,7,7
허준혁,79535,2014,두산,14.21,8,0,0,0,0,0,0,-,39,6 1/3,17,1,4,2,3,10,10
허준혁,79535,2015,두산,3.57,16,0,0,3,2,0,0,0.600,282,63,52,7,41,6,45,37,25
허준혁,79535,2016,두산,5.64,28,0,0,4,7,0,0,0.364,410,89 1/3,106,17,39,7,56,61,56
허준혁,79535,2018,두산,27.00,1,0,0,0,1,0,0,0.000,12,1 2/3,4,0,3,0,1,5,5
오수호,79540,2009,롯데,9.69,9,0,0,0,1,0,0,0.000,68,13,23,5,5,1,4,16,14
진명호,79545,2010,롯데,19.64,3,0,0,0,2,0,0,0.000,42,7 1/3,14,6,8,0,5,16,16
진명호,79545,2011,롯데,4.88,31,0,0,1,2,0,0,0.333,213,48,48,6,26,0,45,32,26
진명호,79545,2012,롯데,3.45,23,0,0,2,1,0,1,0.667,260,60,48,8,41,3,54,23,23
진명호,79545,2013,롯데,7.88,4,0,0,0,0,0,0,-,41,8,11,0,10,1,3,7,7
진명호,79545,2017,롯데,0.00,4,0,0,0,0,0,0,-,20,5,1,0,5,0,7,0,0
진명호,79545,2018,롯데,4.38,60,0,0,5,4,1,9,0.556,282,61 2/3,53,7,46,1,65,34,30
진명호,79545,2019,롯데,3.41,60,0,0,3,2,0,9,0.600,273,63 1/3,56,4,35,1,51,24,24
진명호,79545,2020,롯데,7.18,37,0,0,0,1,0,2,0.000,146,31 1/3,29,3,22,2,32,25,25
진명호,79545,2021,롯데,4.81,33,0,0,2,2,0,3,0.500,107,24 1/3,20,3,14,2,24,14,13
진명호,79545,2022,롯데,6.06,16,0,0,0,0,0,0,-,80,16 1/3,23,1,9,2,11,12,11
오장훈,79544,2015,두산,0.00,1,0,0,0,0,0,0,-,5,1,1,0,1,0,2,0,0
애킨스,79596,2009,롯데,3.83,50,0,0,3,5,26,0,0.375,214,49 1/3,49,4,22,3,29,21,21
정용운,79617,2009,KIA,10.80,4,0,0,0,0,0,0,-,19,3 1/3,4,0,5,0,1,4,4
정용운,79617,2010,KIA,6.75,10,0,0,0,1,0,0,0.000,49,8,11,1,9,2,5,10,6
정용운,79617,2016,KIA,7.89,12,0,0,0,1,0,0,0.000,113,21 2/3,31,1,20,0,12,21,19
정용운,79617,2017,KIA,5.92,25,0,0,3,2,0,0,0.600,271,59 1/3,56,7,37,7,32,41,39
정용운,79617,2018,KIA,6.30,3,0,0,1,0,0,0,1.000,45,10,10,1,8,0,5,7,7
정용운,79617,2020,LG,16.20,3,0,0,0,0,0,0,-,9,1 2/3,3,0,1,0,3,3,3
로페즈,79644,2009,KIA,3.12,29,4,0,14,5,0,0,0.737,802,190 1/3,200,6,41,10,129,83,66
로페즈,79644,2010,KIA,4.66,27,1,0,4,10,1,0,0.286,713,166,180,22,43,8,83,92,86
로페즈,79644,2011,KIA,3.98,26,1,0,11,9,1,0,0.550,631,153 2/3,153,14,26,9,106,71,68
로페즈,79644,2012,SK,3.86,5,0,0,3,2,0,0,0.600,110,28,26,3,3,1,13,13,12
정성철,79621,2009,KIA,7.94,11,0,0,0,1,0,0,0.000,61,11 1/3,13,3,11,3,7,10,10
박상혁,79657,2016,NC,7.71,2,0,0,0,0,0,0,-,13,2 1/3,3,1,3,0,3,2,2
구톰슨,79650,2009,KIA,3.24,26,0,0,13,4,0,0,0.765,667,161 1/3,149,15,46,8,95,61,58
허유강,79746,2009,한화,3.49,27,0,0,1,0,0,2,1.000,125,28 1/3,23,1,15,7,10,16,11
허유강,79746,2010,한화,7.58,42,0,0,1,2,0,2,0.333,222,46 1/3,65,5,20,8,25,45,39
허유강,79746,2014,한화,13.50,1,0,0,0,0,0,0,-,4,2/3,2,1,0,0,0,1,1
허유강,79746,2015,한화,10.13,5,0,0,0,0,0,0,-,12,2 2/3,1,0,2,2,1,3,3
구본범,79748,2014,한화,12.27,3,0,0,0,0,0,0,-,19,3 2/3,8,1,0,0,2,5,5
구본범,79748,2015,한화,0.00,3,0,0,0,0,0,0,-,6,1,0,0,2,0,1,0,0
연지,79727,2009,한화,7.04,12,0,0,1,7,0,0,0.125,290,61 1/3,81,13,27,4,56,49,48
황재규,79758,2009,한화,4.63,49,0,0,0,3,0,2,0.000,323,72,70,7,40,7,49,38,37
황재규,79758,2010,한화,10.00,9,0,0,0,0,0,0,-,50,9,15,0,9,0,6,10,10
황재규,79758,2013,한화,4.15,21,0,0,1,0,0,0,1.000,148,34 2/3,37,2,6,2,25,19,16
황재규,79758,2014,한화,17.28,8,0,0,0,1,0,0,0.000,46,8 1/3,17,1,5,1,3,16,16
황재규,79758,2016,한화,24.55,2,0,0,0,0,0,0,-,24,3 2/3,10,1,2,1,2,11,10
김동호,79791,2016,삼성,7.64,33,0,0,0,1,0,2,0.000,154,33,46,5,14,3,21,28,28
김동호,79791,2017,삼성,6.75,20,0,0,0,1,0,0,0.000,178,36,52,1,21,6,16,27,27
여건욱,79825,2009,SK,5.40,2,0,0,0,0,0,0,-,7,1 2/3,1,1,2,0,0,1,1
여건욱,79825,2013,SK,8.64,10,0,0,1,3,0,0,0.250,124,25,29,5,21,2,12,24,24
여건욱,79825,2014,SK,6.20,28,0,0,3,3,0,0,0.500,310,69 2/3,81,16,28,0,50,50,48
여건욱,79825,2017,LG,0.00,3,0,0,0,0,0,1,-,17,3 1/3,4,0,3,0,3,0,0
여건욱,79825,2018,LG,4.76,18,0,0,0,0,0,0,-,103,22 2/3,27,1,8,4,15,13,12
여건욱,79825,2019,LG,3.94,25,0,0,0,0,0,0,-,130,29 2/3,35,2,8,1,24,14,13
여건욱,79825,2020,LG,7.16,25,0,0,1,3,1,2,0.250,124,27 2/3,36,8,4,3,18,24,22
박성호,79760,2009,한화,8.42,17,0,0,0,0,0,0,-,149,31,38,5,22,2,22,29,29
박성호,79760,2010,KIA,3.81,23,0,0,0,0,0,0,-,122,28 1/3,28,4,8,1,38,15,12
박성호,79760,2011,KIA,6.46,23,0,0,0,2,0,0,0.000,112,23 2/3,28,1,17,1,20,17,17
박성호,79760,2014,KIA,10.38,8,0,0,0,0,0,0,-,73,13,27,3,7,1,11,15,15
박성호,79760,2015,한화,4.79,16,0,0,0,0,0,1,-,96,20 2/3,24,2,11,1,12,14,11
김주,79761,2009,한화,10.13,3,0,0,0,0,0,0,-,14,2 2/3,5,1,1,0,1,3,3
박현준,79817,2009,SK,5.82,14,0,0,0,1,0,0,0.000,84,17,21,1,10,2,7,14,11
박현준,79817,2010,LG,6.55,20,0,0,2,3,0,0,0.400,263,57 2/3,60,9,27,9,46,45,42
박현준,79817,2011,LG,4.18,29,0,0,13,10,0,0,0.565,711,163 2/3,153,13,68,11,137,88,76
장민재,79764,2010,한화,4.41,13,0,0,1,0,0,0,1.000,68,16 1/3,16,1,5,1,4,8,8
장민재,79764,2011,한화,6.06,36,0,0,1,7,0,1,0.125,419,87 2/3,113,12,49,4,52,62,59
장민재,79764,2015,한화,18.00,4,0,0,0,0,0,0,-,25,4,9,1,7,0,3,8,8
장민재,79764,2016,한화,4.68,48,0,0,6,6,0,1,0.500,542,119 1/3,133,15,67,4,92,66,62
장민재,79764,2017,한화,7.76,33,0,0,2,5,0,0,0.286,303,62 2/3,94,11,23,2,30,60,54
장민재,79764,2018,한화,4.68,34,0,0,6,2,0,1,0.750,266,59 2/3,62,7,23,1,42,33,31
장민재,79764,2019,한화,5.43,26,1,0,6,8,0,0,0.429,526,119 1/3,150,14,27,6,103,76,72
장민재,79764,2020,한화,6.75,24,0,0,2,7,0,0,0.222,267,57 1/3,86,5,13,2,32,44,43
장민재,79764,2021,한화,2.76,12,0,0,0,2,0,0,0.000,128,29 1/3,34,4,8,0,13,17,9
장민재,79764,2022,한화,3.55,32,0,0,7,8,0,0,0.467,531,126 2/3,124,15,39,4,75,54,50
장민재,79764,2023,한화,4.83,25,0,0,3,8,0,1,0.273,308,69,79,12,22,5,61,46,37
윤석주,79840,2015,SK,0.00,1,0,0,0,0,0,0,-,6,1 1/3,2,0,0,0,0,0,0
김태훈,79847,2010,SK,-,1,0,0,0,0,0,0,-,1,0,0,0,1,0,0,0,0
김태훈,79847,2011,SK,4.00,16,0,0,0,0,0,1,-,82,18,18,0,11,1,15,8,8
김태훈,79847,2012,SK,9.35,9,0,0,0,1,0,0,0.000,49,8 2/3,12,0,10,1,6,11,9
김태훈,79847,2015,SK,27.00,1,0,0,0,0,0,0,-,2,1/3,0,0,1,0,0,1,1
김태훈,79847,2016,SK,4.30,15,0,0,0,1,0,0,0.000,72,14 2/3,15,1,12,1,9,7,7
김태훈,79847,2017,SK,6.53,21,0,0,2,2,0,3,0.500,205,41 1/3,61,8,19,3,34,34,30
김태훈,79847,2018,SK,3.83,61,0,0,9,3,0,10,0.750,394,94,88,8,36,2,93,44,40
김태훈,79847,2019,SK,3.88,71,0,0,4,5,7,27,0.444,296,69 2/3,62,4,26,4,76,32,30
김태훈,79847,2020,SK,7.40,33,0,0,1,6,0,4,0.143,281,62,61,8,39,4,43,52,51
김태훈,79847,2021,SSG,4.97,65,0,0,2,4,1,16,0.333,269,58,55,7,38,10,49,35,32
김태훈,79847,2022,SSG,10.13,9,0,0,0,0,1,3,-,30,5 1/3,6,2,10,0,1,6,6
니코스키,79859,2009,두산,3.78,19,0,0,4,8,0,0,0.333,301,69,63,3,33,9,47,33,29
니코스키,79859,2010,넥센,6.68,9,0,0,2,6,0,0,0.250,150,32 1/3,38,3,17,5,25,24,24
카도쿠라,79854,2009,SK,5.00,28,0,0,8,4,0,1,0.667,564,126,141,19,53,7,98,78,70
카도쿠라,79854,2010,SK,3.22,30,0,0,14,7,0,0,0.667,647,153 2/3,146,14,52,6,143,65,55
카도쿠라,79854,2011,삼성,4.07,16,1,1,5,6,0,0,0.455,376,86 1/3,92,9,31,5,62,55,39
글로버,79858,2009,SK,1.96,20,0,0,9,3,1,0,0.750,427,105 2/3,87,6,26,2,90,32,23
글로버,79858,2010,SK,5.66,22,0,0,6,8,0,0,0.429,471,105,113,18,50,5,85,71,66
글로버,79858,2011,SK,4.24,24,0,0,7,6,0,0,0.538,518,121,115,11,41,9,122,65,57
이상훈,80091,1987,청보,10.50,4,0,0,0,0,0,0,-,30,6,8,0,5,0,5,7,7
이상훈,80091,1988,OB,4.50,27,1,1,2,2,0,0,0.500,352,84,76,8,34,2,29,45,42
이상훈,80091,1990,OB,4.26,7,0,0,0,0,0,0,-,33,6 1/3,11,0,5,1,4,5,3
이상훈,80091,1991,OB,5.12,19,0,0,2,3,0,0,0.400,173,38 2/3,39,4,22,4,8,23,22
이상훈,80091,1992,OB,5.93,10,0,0,0,0,0,0,-,125,27 1/3,29,7,14,0,16,18,18
이동수,80087,1987,청보,12.38,7,0,0,1,1,0,0,0.500,80,16,27,3,5,2,6,23,22
이동수,80087,1988,태평양,1.80,2,0,0,0,0,0,0,-,23,5,5,0,4,0,1,2,1
정성만,80204,1983,삼미  ,2.92,12,2,0,3,5,0,0,0.375,253,61 2/3,46,11,27,0,26,27,20
정성만,80204,1984,삼미  ,4.86,29,3,0,8,10,1,0,0.444,666,150,149,20,83,6,67,86,81
정성만,80204,1985,청보,5.00,37,11,1,7,14,3,0,0.333,767,172 2/3,207,19,64,7,56,103,96
정성만,80204,1986,청보,6.23,16,0,0,1,7,0,0,0.125,226,47 2/3,69,4,20,3,20,40,33
정성만,80204,1987,롯데,6.61,4,1,0,0,2,0,0,0.000,77,16 1/3,22,2,8,1,4,16,12
황규봉,80620,1982,삼성  ,2.47,48,8,2,15,11,11,0,0.577,864,222 1/3,189,11,34,6,99,78,61
황규봉,80620,1983,삼성  ,3.67,30,5,1,6,4,3,0,0.600,548,130,136,10,36,10,45,66,53
황규봉,80620,1984,삼성  ,3.25,30,2,1,10,2,4,0,0.833,452,108,109,4,24,8,48,42,39
황규봉,80620,1985,삼성  ,3.04,34,4,0,14,7,4,0,0.667,679,165 2/3,158,12,38,4,54,66,56
황규봉,80620,1986,삼성,3.96,13,1,0,3,5,2,0,0.375,208,50,48,4,20,1,10,26,22
기세봉,81992,1986,OB,0.00,1,0,0,0,0,0,0,-,3,1,1,0,0,0,0,0,0
선우대영,82003,1982,OB    ,3.39,27,6,1,7,6,0,0,0.538,566,138,139,8,31,4,65,64,52
선우대영,82003,1983,OB    ,3.91,17,5,1,4,6,1,0,0.400,408,96 2/3,97,13,28,6,38,45,42
박영진,82009,1982,삼성  ,8.64,5,0,0,0,0,1,0,-,43,8 1/3,16,2,4,1,3,9,8
박영진,82009,1984,삼성  ,18.00,1,0,0,0,0,0,0,-,6,1,3,0,1,0,0,2,2
김재박,82116,1985,MBC,0.00,1,0,0,1,0,0,0,1.000,1,2/3,0,0,0,0,0,0,0
차준섭,82156,1982,MBC   ,4.84,12,0,0,3,1,0,0,0.750,155,35 1/3,44,2,8,3,24,23,19
차준섭,82156,1983,MBC   ,8.10,2,0,0,0,0,0,0,-,15,3 1/3,1,1,3,1,2,4,3
차준섭,82156,1985,MBC,14.54,3,0,0,0,0,0,0,-,22,4 1/3,11,2,0,0,0,7,7
이길환,82122,1982,MBC   ,3.61,27,5,2,7,7,0,0,0.500,493,117 1/3,114,8,34,9,54,59,47
이길환,82122,1983,MBC   ,2.51,33,10,4,15,7,4,0,0.682,845,208 1/3,184,8,56,11,85,68,58
이길환,82122,1984,MBC   ,4.86,12,0,0,3,3,0,0,0.500,217,50,62,9,9,3,15,34,27
이길환,82122,1985,MBC,3.31,8,1,0,1,2,0,0,0.333,148,35 1/3,28,2,15,3,6,16,13
이길환,82122,1986,MBC,4.50,4,0,0,1,0,0,0,1.000,44,10,13,0,1,2,2,5,5
이길환,82122,1987,MBC,4.42,20,1,0,4,4,0,0,0.500,327,73 1/3,86,3,27,4,20,41,36
이길환,82122,1988,MBC,3.53,24,3,1,10,4,0,0,0.714,517,122 1/3,131,11,32,5,28,61,48
이길환,82122,1989,MBC,5.56,14,0,0,2,4,0,0,0.333,204,43 2/3,52,2,19,2,10,33,27
이길환,82122,1990,태평양,7.54,9,0,0,1,0,0,0,1.000,107,22 2/3,30,5,9,1,5,21,19
유종겸,82175,1982,MBC   ,3.25,32,3,1,6,5,3,0,0.545,476,113 2/3,95,11,53,1,86,48,41
유종겸,82175,1983,MBC   ,2.40,34,4,0,8,7,5,0,0.533,560,139,103,8,50,5,74,45,37
유종겸,82175,1984,MBC   ,3.53,38,6,0,8,10,4,0,0.444,770,183 2/3,180,13,52,5,85,79,72
유종겸,82175,1985,MBC,2.99,33,3,0,10,8,1,0,0.556,547,135 1/3,111,10,52,5,40,52,45
유종겸,82175,1986,MBC,3.03,41,1,1,10,7,0,0,0.588,599,145 2/3,131,8,49,5,84,61,49
유종겸,82175,1987,MBC,2.24,18,2,0,7,5,0,0,0.583,377,88 1/3,77,3,40,6,35,31,22
유종겸,82175,1988,MBC,4.13,23,6,1,4,7,1,0,0.364,484,109,102,7,65,3,45,58,50
유종겸,82175,1989,MBC,3.44,29,0,0,3,6,1,0,0.333,441,102,104,6,46,5,38,48,39
유종겸,82175,1990,LG,5.96,21,0,0,1,2,0,0,0.333,109,22 2/3,30,1,12,2,10,17,15
계형철,82271,1982,OB    ,4.88,21,3,1,4,4,0,0,0.500,416,90 1/3,73,6,76,2,43,59,49
계형철,82271,1983,OB    ,3.44,29,9,3,9,12,0,0,0.429,816,193 1/3,190,11,72,13,86,97,74
계형철,82271,1984,OB    ,2.06,29,6,1,14,4,0,0,0.778,701,174 2/3,135,8,63,7,92,44,40
계형철,82271,1985,OB,2.78,34,8,0,11,11,2,0,0.500,789,194,165,17,63,7,84,71,60
계형철,82271,1986,OB,3.16,22,3,1,5,7,0,0,0.417,452,111,94,8,50,2,47,48,39
계형철,82271,1987,OB,2.61,25,5,0,8,12,0,0,0.400,633,148 1/3,122,3,74,6,53,59,43
계형철,82271,1988,OB,3.75,33,2,0,10,12,2,0,0.455,558,129 2/3,121,7,62,2,48,59,54
계형철,82271,1989,OB,3.59,20,1,1,5,8,2,0,0.385,375,87 2/3,88,5,35,1,38,40,35
계형철,82271,1990,OB,5.42,27,1,1,2,13,2,0,0.133,510,114 2/3,123,7,59,5,43,74,69
계형철,82271,1991,OB,5.86,14,2,0,1,6,1,0,0.143,204,43,56,1,21,1,14,35,28
방기만,82205,1982,롯데  ,6.23,8,0,0,0,0,0,0,-,90,17 1/3,26,1,13,1,4,16,12
최옥규,82220,1982,롯데  ,4.91,13,0,0,0,2,1,0,0.000,221,47 2/3,63,5,26,2,31,36,26
박철순,82234,1982,OB    ,1.84,36,15,2,24,4,7,0,0.857,871,224 2/3,151,7,67,6,108,60,46
박철순,82234,1983,OB    ,3.48,4,0,0,0,1,0,0,0.000,43,10 1/3,10,0,4,0,4,4,4
박철순,82234,1985,OB,2.68,9,2,0,1,4,0,0,0.200,193,50 1/3,36,2,14,2,34,19,15
박철순,82234,1986,OB,3.54,13,1,1,5,3,0,0,0.625,220,53 1/3,46,3,22,0,29,23,21
박철순,82234,1987,OB,2.25,5,1,0,2,0,1,0,1.000,97,24,17,0,9,0,11,7,6
박철순,82234,1989,OB,4.96,12,0,0,1,1,0,0,0.500,74,16 1/3,17,1,9,0,14,11,9
박철순,82234,1990,OB,4.78,18,2,1,4,9,0,0,0.308,420,96,104,6,41,0,58,53,51
박철순,82234,1991,OB,3.51,18,2,0,7,5,0,0,0.583,444,102 2/3,97,5,47,6,55,48,40
박철순,82234,1992,OB,2.80,30,1,1,7,6,9,0,0.538,411,99 2/3,92,5,34,1,68,35,31
박철순,82234,1993,OB,2.08,25,0,0,7,5,2,0,0.583,469,116 2/3,99,3,39,0,90,30,27
박철순,82234,1994,OB,2.61,20,5,2,7,7,0,0,0.500,369,93,73,3,29,3,66,31,27
박철순,82234,1995,OB,4.47,20,0,0,9,2,0,0,0.818,425,94 2/3,98,8,42,8,67,54,47
박철순,82234,1996,OB,2.62,21,0,0,2,6,1,0,0.250,302,68 2/3,68,0,34,4,44,26,20
김재현,82303,1982,삼미  ,6.13,47,2,0,6,19,1,0,0.240,890,192 1/3,268,18,63,7,62,154,131
김재현,82303,1983,삼미  ,3.31,12,0,0,2,1,0,0,0.667,201,49,47,1,14,2,11,24,18
김재현,82303,1984,삼미  ,4.32,24,0,0,3,4,0,0,0.429,385,89 2/3,95,10,31,6,43,53,43
김재현,82303,1985,청보,3.88,12,1,0,1,4,0,0,0.200,209,46 1/3,57,4,12,3,15,23,20
김재현,82303,1986,청보,20.77,5,0,0,0,2,0,0,0.000,26,4 1/3,10,1,4,0,2,10,10
성낙수,82499,1982,삼성  ,2.81,28,5,0,8,3,2,0,0.727,500,125,119,15,23,6,56,44,39
성낙수,82499,1983,삼성  ,4.91,19,0,0,3,2,0,0,0.600,234,55,63,10,13,5,21,33,30
성낙수,82499,1984,삼성  ,4.11,6,0,0,0,2,0,0,0.000,71,15 1/3,21,0,5,1,4,10,7
성낙수,82499,1985,삼성  ,4.15,3,0,0,0,0,0,0,-,19,4 1/3,6,1,1,0,2,2,2
성낙수,82499,1986,빙그레,4.04,15,0,0,0,4,0,0,0.000,175,42 1/3,39,3,9,1,20,22,19
노상수,82571,1982,롯데  ,2.94,44,12,2,14,19,2,0,0.424,954,232 1/3,216,18,59,10,141,97,76
노상수,82571,1983,롯데  ,4.14,42,4,1,8,11,3,0,0.421,733,169 2/3,179,17,52,12,69,94,78
노상수,82571,1986,롯데,5.66,16,1,0,3,5,0,0,0.375,228,49 1/3,65,8,20,7,16,34,31
노상수,82571,1987,롯데,4.23,13,3,1,4,2,0,0,0.667,277,66,70,5,20,5,25,32,31
노상수,82571,1988,롯데,4.73,28,2,0,4,5,5,0,0.444,441,104 2/3,106,9,27,4,41,60,55
노상수,82571,1989,롯데,7.30,17,1,0,1,3,1,0,0.250,185,37,65,3,10,0,11,32,30
노상수,82571,1990,롯데,4.03,15,0,0,1,1,1,0,0.500,117,29,27,1,10,1,10,15,13
노상수,82571,1991,롯데,12.00,1,0,0,0,0,0,0,-,18,3,5,1,3,1,2,5,4
천창호,82512,1982,롯데  ,3.83,37,8,1,7,13,0,0,0.350,724,173 2/3,173,18,52,7,92,85,74
천창호,82512,1983,롯데  ,3.42,27,0,0,7,3,0,0,0.700,349,81 2/3,91,12,12,6,38,39,31
천창호,82512,1984,롯데  ,5.17,18,0,0,1,2,1,0,0.333,218,47,58,3,17,6,22,31,27
천창호,82512,1985,롯데,4.70,7,0,0,1,1,0,0,0.500,98,23,21,3,7,2,10,13,12
천창호,82512,1986,빙그레,5.35,22,0,0,0,3,1,0,0.000,174,38 2/3,45,6,15,3,17,32,23
천창호,82512,1987,빙그레,3.51,25,2,0,4,7,0,0,0.364,414,97 1/3,105,9,32,1,26,40,38
천창호,82512,1988,빙그레,2.49,17,0,0,1,1,1,0,0.500,80,21 2/3,16,2,2,0,18,6,6
천창호,82512,1989,태평양,4.91,15,0,0,0,0,0,0,-,52,11,17,1,1,0,5,9,6
이윤섭,82665,1982,롯데  ,9.35,4,0,0,0,1,0,0,0.000,48,8 2/3,19,1,3,0,1,11,9
이윤섭,82665,1983,롯데  ,8.24,12,0,0,0,2,0,0,0.000,94,19 2/3,35,7,4,0,8,22,18
이윤섭,82665,1984,롯데  ,5.40,6,0,0,0,0,0,0,-,45,10,12,1,5,0,1,6,6
김성한,82612,1982,해태  ,2.79,26,3,1,10,5,1,0,0.667,438,106 1/3,88,6,45,6,49,44,33
김성한,82612,1983,해태  ,2.08,4,1,1,1,1,0,0,0.500,71,17 1/3,13,1,5,1,8,6,4
김성한,82612,1985,해태,3.35,10,1,0,4,3,1,0,0.571,170,40 1/3,35,1,18,1,12,18,15
김성한,82612,1986,해태,9.00,1,0,0,0,1,0,0,0.000,15,3,2,0,3,0,0,3,3
한상연,82646,1982,삼미  ,5.84,7,0,0,0,1,0,0,0.000,53,12 1/3,12,2,5,1,2,10,8
이진우,82664,1982,롯데  ,5.27,22,1,0,5,2,1,0,0.714,373,82,90,10,51,5,49,56,48
이진우,82664,1983,롯데  ,4.94,27,0,0,4,9,0,0,0.308,371,85 2/3,83,10,41,6,33,51,47
이진우,82664,1984,롯데  ,4.84,10,0,0,0,3,1,0,0.000,104,22 1/3,25,5,9,0,17,21,12
이진우,82664,1985,롯데,4.30,34,0,0,0,6,3,0,0.000,304,69,70,8,48,3,44,40,33
이진우,82664,1986,롯데,2.03,16,1,0,1,0,0,0,1.000,177,40,40,1,21,0,17,14,9
이진우,82664,1987,청보,6.60,15,0,0,0,4,1,0,0.000,143,30,32,3,22,1,17,28,22
이상윤,82698,1982,해태  ,3.88,23,5,0,7,5,0,0,0.583,442,102,87,8,63,1,58,51,44
이상윤,82698,1983,해태  ,2.67,46,14,3,20,10,6,0,0.667,944,229 1/3,181,10,95,4,178,83,68
이상윤,82698,1984,해태  ,2.85,40,8,1,10,13,8,0,0.435,876,211 2/3,186,14,73,10,128,75,67
이상윤,82698,1985,해태,10.80,2,0,0,0,2,0,0,0.000,25,5,9,3,3,0,2,6,6
이상윤,82698,1986,해태,2.97,21,3,1,10,5,0,0,0.667,478,115,91,7,51,3,48,45,38
이상윤,82698,1987,해태,4.93,12,0,0,2,4,0,0,0.333,186,42,46,1,19,1,13,26,23
이상윤,82698,1988,해태,2.89,30,3,1,16,6,0,0,0.727,575,137,98,3,75,4,55,56,44
이상윤,82698,1989,해태,16.20,1,0,0,0,1,0,0,0.000,10,1 2/3,4,0,2,0,1,3,3
이선희,82667,1982,삼성  ,2.91,38,4,3,15,7,1,0,0.682,698,167,152,11,73,9,73,67,54
이선희,82667,1983,삼성  ,3.76,29,3,1,5,13,0,0,0.278,548,127,122,17,59,7,57,66,53
이선희,82667,1984,삼성  ,4.53,17,0,0,2,4,0,0,0.333,225,51 2/3,58,6,23,3,23,31,26
이선희,82667,1985,MBC,2.28,28,4,1,5,7,2,0,0.417,569,138,111,5,55,4,48,44,35
이선희,82667,1986,MBC,5.09,7,0,0,0,2,0,0,0.000,78,17 2/3,25,2,3,1,12,12,10
이선희,82667,1987,MBC,5.40,14,0,0,1,3,0,0,0.250,175,38 1/3,38,1,23,7,21,23,23
이광권,82699,1982,MBC   ,3.72,31,2,1,7,4,2,0,0.636,489,116,105,8,46,11,57,62,48
이광권,82699,1983,MBC   ,2.51,22,3,0,7,5,0,0,0.583,411,100 1/3,96,7,31,4,35,37,28
이광권,82699,1984,MBC   ,2.65,13,1,0,1,3,0,0,0.250,212,51,54,2,22,2,14,19,15
이광권,82699,1985,MBC,4.82,4,0,0,0,0,0,0,-,41,9 1/3,10,2,3,0,1,5,5
신태중,82702,1982,해태  ,7.52,8,0,0,1,2,0,0,0.333,141,26 1/3,30,3,28,5,7,33,22
신태중,82702,1983,해태  ,40.50,1,0,0,0,1,0,0,0.000,7,2/3,5,0,1,0,0,3,3
신태중,82702,1984,삼미  ,6.89,14,0,0,1,6,1,0,0.143,227,48 1/3,55,8,34,4,30,43,37
신태중,82702,1985,청보,4.77,34,1,0,3,4,4,0,0.429,459,103 2/3,118,17,42,7,48,72,55
신태중,82702,1986,청보,4.74,10,0,0,0,1,0,0,0.000,114,24 2/3,35,1,10,1,7,15,13
양일환,82703,1983,삼성  ,3.22,32,4,0,9,7,1,0,0.563,738,176 1/3,155,12,63,11,62,82,63
양일환,82703,1984,삼성  ,4.64,20,1,0,2,5,1,0,0.286,272,64,57,7,33,4,20,34,33
양일환,82703,1985,삼성  ,5.11,19,1,0,3,5,1,0,0.375,269,61 2/3,62,10,28,3,17,37,35
양일환,82703,1986,삼성,3.72,22,3,1,6,3,1,0,0.667,409,96 2/3,81,5,47,6,33,44,40
양일환,82703,1987,삼성,1.88,18,4,2,8,4,1,0,0.667,333,86,62,4,34,6,35,23,18
양일환,82703,1988,삼성,8.90,10,1,0,1,2,0,0,0.333,145,29 1/3,36,4,15,8,10,30,29
양일환,82703,1989,삼성,6.84,18,1,0,2,6,0,0,0.250,247,51 1/3,77,6,18,7,13,48,39
방수원,82700,1982,해태  ,3.85,34,2,0,6,7,1,0,0.462,664,154 1/3,164,10,48,8,63,84,66
방수원,82700,1983,해태  ,4.88,32,1,0,3,5,3,0,0.375,434,94,101,5,49,9,30,62,51
방수원,82700,1984,해태  ,3.82,25,1,1,1,8,0,0,0.111,280,66,64,2,20,6,30,39,28
방수원,82700,1985,해태,3.47,10,0,0,1,1,0,0,0.500,96,23 1/3,16,2,13,1,9,9,9
방수원,82700,1986,해태,2.86,29,0,0,2,4,5,0,0.333,264,63,66,3,17,3,34,26,20
방수원,82700,1987,해태,4.25,23,0,0,3,2,3,0,0.600,279,65 2/3,71,2,20,3,29,39,31
방수원,82700,1988,해태,1.69,28,0,0,2,1,6,0,0.667,320,80,63,1,23,2,23,17,15
방수원,82700,1989,해태,4.73,16,0,0,0,1,0,0,0.000,229,53 1/3,54,7,20,2,19,30,28
박상열,82775,1982,OB    ,4.22,25,3,0,10,5,0,0,0.667,480,111,120,7,34,9,35,70,52
박상열,82775,1983,OB    ,2.49,30,7,1,10,9,0,0,0.526,716,173 1/3,162,11,44,14,68,57,48
박상열,82775,1984,OB    ,2.57,30,1,0,12,7,0,0,0.632,532,133,108,8,49,10,47,42,38
박상열,82775,1985,OB,4.13,22,2,0,3,6,0,0,0.333,462,109,109,6,41,5,25,55,50
박상열,82775,1986,OB,3.92,17,1,0,0,6,1,0,0.000,278,64 1/3,66,3,28,6,15,31,28
박상열,82775,1987,OB,3.84,16,0,0,3,3,1,0,0.500,273,58 2/3,73,2,26,3,15,32,25
박상열,82775,1988,OB,5.59,13,0,0,0,3,0,0,0.000,216,46 2/3,53,9,23,4,12,34,29
박석채,82778,1982,MBC   ,6.06,12,1,0,2,1,0,0,0.667,159,35 2/3,35,4,18,2,18,26,24
박석채,82778,1983,MBC   ,2.45,5,0,0,0,0,0,0,-,51,11,12,1,8,0,4,4,3
인호봉,82954,1982,삼미  ,6.56,38,3,0,5,10,2,0,0.333,636,133,149,19,96,19,41,129,97
인호봉,82954,1983,삼미  ,4.26,10,0,0,1,2,0,0,0.333,159,38,36,6,16,2,14,22,18
인호봉,82954,1984,삼미  ,5.60,8,0,0,0,0,0,0,-,81,17 2/3,14,2,13,5,4,12,11
인호봉,82954,1985,청보,6.75,4,0,0,0,0,0,0,-,27,5 1/3,10,1,1,0,1,6,4
감사용,82904,1982,삼미  ,6.46,41,1,0,1,14,1,0,0.067,615,133 2/3,179,25,46,2,23,106,96
감사용,82904,1983,삼미  ,2.92,6,0,0,0,0,0,0,-,51,12 1/3,12,1,4,0,6,6,4
감사용,82904,1984,삼미  ,0.00,1,0,0,0,0,0,0,-,9,2 1/3,2,0,1,0,0,0,0
감사용,82904,1985,청보,6.46,12,0,0,0,1,0,0,0.000,141,30 2/3,42,5,8,3,17,23,22
감사용,82904,1986,OB,3.00,1,0,0,0,0,0,0,-,12,3,3,1,0,0,1,1,1
오문현,82966,1982,삼미  ,4.85,22,1,0,2,10,0,0,0.167,459,102,115,11,34,14,22,69,55
오문현,82966,1983,삼미  ,5.26,13,0,0,1,3,0,0,0.250,154,37 2/3,35,6,14,6,12,24,22
오문현,82966,1984,삼미  ,5.59,11,0,0,0,0,0,0,-,123,29,30,4,11,2,7,18,18
오문현,82966,1985,청보,6.33,23,0,0,4,4,0,0,0.500,341,75 1/3,101,19,23,11,16,54,53
오문현,82966,1986,빙그레,15.00,3,0,0,0,2,0,0,0.000,17,3,8,2,1,0,0,5,5
오문현,82966,1987,빙그레,18.00,2,0,0,0,1,0,0,0.000,14,2,3,0,5,0,0,4,4
김현홍,82983,1982,OB    ,3.03,12,0,0,0,0,0,0,-,135,29 2/3,30,0,21,0,10,10,10
김현홍,82983,1983,OB    ,4.15,13,1,1,2,1,1,0,0.667,186,43 1/3,49,7,17,1,12,27,20
강철원,82992,1982,OB    ,2.18,8,3,0,5,0,0,0,1.000,187,45 1/3,36,1,23,1,15,12,11
강철원,82992,1983,OB    ,6.32,17,1,0,4,2,0,0,0.667,275,62 2/3,72,12,23,7,21,44,44
강철원,82992,1984,OB    ,7.36,3,0,0,0,0,0,0,-,18,3 2/3,4,1,3,0,0,4,3
강철원,82992,1985,OB,3.38,3,0,0,0,0,0,0,-,24,5 1/3,7,0,1,0,2,2,2
강철원,82992,1986,청보,9.00,8,0,0,0,2,0,0,0.000,60,12,17,3,5,3,3,12,12
김덕열,82995,1982,롯데  ,3.88,17,1,0,1,4,0,0,0.200,259,60 1/3,63,6,26,0,27,29,26
김덕열,82995,1983,롯데  ,6.23,9,0,0,0,1,0,0,0.000,102,21 2/3,27,6,9,4,10,17,15
김덕열,82995,1984,삼미  ,18.00,2,0,0,0,0,0,0,-,11,2,4,0,1,1,1,4,4
김동철,82996,1982,삼미  ,7.06,32,0,0,1,9,1,0,0.100,441,93,125,15,52,6,19,84,73
박경호,82984,1982,삼미  ,6.75,12,0,0,0,1,0,0,0.000,107,22 2/3,29,3,15,1,5,20,17
김문희,82997,1982,롯데  ,4.12,24,4,1,4,8,0,0,0.333,411,91 2/3,113,10,31,4,18,55,42
김문희,82997,1983,롯데  ,3.48,34,5,0,8,10,0,0,0.444,649,155 1/3,154,12,53,3,46,70,60
김문희,82997,1984,롯데  ,5.11,19,1,0,0,6,0,0,0.000,254,56 1/3,73,7,22,5,12,38,32
김문희,82997,1985,롯데,13.50,1,0,0,0,0,0,0,-,10,2,3,1,1,0,1,3,3
김정수,82982,1986,청보,6.14,6,0,0,0,0,0,0,-,35,7 1/3,10,1,5,0,2,7,5
권영호,82993,1982,삼성  ,2.37,32,6,3,15,5,2,0,0.750,711,178 2/3,139,18,52,7,72,57,47
권영호,82993,1983,삼성  ,3.20,32,5,0,6,10,7,0,0.375,556,135,113,7,48,6,49,58,48
권영호,82993,1984,삼성  ,3.28,29,2,0,6,8,2,0,0.429,574,137 1/3,124,8,57,4,52,53,50
권영호,82993,1985,삼성  ,3.50,54,0,0,6,6,26,0,0.500,746,174 2/3,170,14,68,3,82,75,68
권영호,82993,1986,삼성,2.77,38,3,1,7,7,19,0,0.500,593,146 1/3,120,12,53,2,74,47,45
권영호,82993,1987,삼성,2.41,32,0,0,5,3,18,0,0.625,356,89 2/3,74,7,30,0,28,27,24
권영호,82993,1988,삼성,3.73,29,1,1,7,5,7,0,0.583,308,72 1/3,61,5,40,1,24,32,30
권영호,82993,1989,삼성,3.63,42,1,0,4,5,19,0,0.444,366,86 2/3,83,6,39,1,41,39,35
김시철,82998,1982,MBC   ,3.18,2,0,0,1,0,0,0,1.000,25,5 2/3,2,0,9,0,0,2,2
오영일,83171,1983,MBC   ,2.91,36,7,0,10,9,4,0,0.526,704,173,147,8,59,8,69,62,56
오영일,83171,1984,MBC   ,3.08,40,14,2,15,14,3,0,0.517,1004,239 2/3,239,16,79,13,93,92,82
오영일,83171,1985,MBC,3.53,28,3,0,8,8,1,0,0.500,555,127 1/3,132,6,47,7,43,56,50
오영일,83171,1986,MBC,3.00,33,0,0,12,8,0,0,0.600,569,132,136,9,55,4,43,54,44
오영일,83171,1987,MBC,4.27,30,2,0,9,8,0,0,0.529,621,143 1/3,155,10,51,7,41,75,68
오영일,83171,1988,MBC,3.48,28,8,0,7,11,2,0,0.389,760,176,208,9,50,5,64,83,68
오영일,83171,1989,MBC,6.49,16,0,0,1,6,0,0,0.143,199,43,59,2,18,2,15,35,31
오영일,83171,1990,태평양,14.54,4,0,0,0,0,0,0,-,49,8 2/3,17,0,7,0,3,14,14
김용남,82999,1982,해태  ,3.09,33,8,1,9,12,0,0,0.429,740,175,177,12,42,9,85,83,60
김용남,82999,1983,해태  ,2.83,36,6,3,13,10,1,0,0.565,731,181 1/3,171,12,30,5,80,67,57
김용남,82999,1984,해태  ,3.05,31,6,2,7,11,1,0,0.389,547,132 2/3,133,10,19,1,68,58,45
김용남,82999,1985,해태,4.48,43,1,0,11,6,8,0,0.647,560,134 2/3,147,14,26,3,74,74,67
김용남,82999,1986,해태,4.70,13,0,0,0,0,2,0,-,143,30 2/3,45,2,6,0,22,19,16
김용남,82999,1987,빙그레,4.72,16,4,0,4,5,0,0,0.444,383,87 2/3,111,8,19,2,37,48,46
김용남,82999,1988,빙그레,4.11,27,1,0,8,6,1,0,0.571,525,122 2/3,150,9,25,2,41,67,56
장호연,83260,1983,OB    ,4.23,34,3,1,6,17,2,0,0.261,681,155 1/3,165,10,67,14,31,93,73
장호연,83260,1984,OB    ,1.58,31,0,0,5,3,1,0,0.625,407,102 1/3,77,3,35,4,47,34,18
장호연,83260,1985,OB,3.50,29,5,0,7,4,1,0,0.636,531,128 2/3,110,9,63,4,46,61,50
장호연,83260,1986,OB,1.90,31,10,4,13,9,3,0,0.591,659,165 2/3,136,7,45,6,44,46,35
장호연,83260,1987,OB,2.82,32,13,2,15,8,6,0,0.652,784,188 1/3,170,1,74,10,73,67,59
장호연,83260,1988,OB,3.95,36,3,1,8,12,1,0,0.400,629,146,163,12,44,6,46,76,64
장호연,83260,1989,OB,3.47,30,3,1,9,12,0,0,0.429,709,171,143,8,77,3,72,72,66
장호연,83260,1990,OB,4.55,19,4,1,5,8,0,0,0.385,480,110 2/3,108,8,46,7,34,63,56
장호연,83260,1991,OB,2.27,12,10,2,6,4,1,0,0.600,395,99 1/3,85,5,20,5,37,29,25
장호연,83260,1992,OB,3.12,35,17,1,16,12,2,0,0.571,939,225,225,18,59,12,90,95,78
장호연,83260,1993,OB,2.56,27,9,3,10,9,0,0,0.526,652,161 2/3,134,4,41,5,51,51,46
장호연,83260,1994,OB,4.52,15,1,0,2,6,0,0,0.250,315,71 2/3,75,5,29,3,26,45,36
장호연,83260,1995,OB,5.33,15,1,0,7,6,0,0,0.538,351,79 1/3,89,10,27,7,28,56,47
김정수,83147,1985,MBC,2.70,15,2,0,2,3,0,0,0.400,258,60,50,0,38,2,25,22,18
정선두,83272,1983,OB    ,2.60,15,1,1,3,1,0,0,0.750,215,52,47,6,20,2,9,19,15
정선두,83272,1985,OB,2.79,7,0,0,0,1,0,0,0.000,39,9 2/3,9,0,2,0,3,5,3
정선두,83272,1986,청보,3.51,12,0,0,1,2,0,0,0.333,115,25 2/3,31,3,9,0,3,18,10
정선두,83272,1987,청보,7.45,5,0,0,0,0,0,0,-,43,9 2/3,14,0,4,0,2,8,8
이원국,83324,1983,MBC   ,4.42,8,1,0,1,1,0,0,0.500,171,38 2/3,46,1,14,2,6,25,19
임호균,83371,1983,삼미  ,3.03,35,15,1,12,15,2,0,0.444,954,234 2/3,231,16,52,6,86,94,79
임호균,83371,1984,롯데  ,2.95,27,9,0,10,9,0,0,0.526,692,161 2/3,151,9,80,3,44,64,53
임호균,83371,1985,롯데,3.23,27,3,1,10,10,0,0,0.500,617,145,136,8,77,0,43,63,52
임호균,83371,1986,롯데,3.32,19,2,0,3,8,0,0,0.273,395,89 1/3,95,4,46,4,27,40,33
임호균,83371,1987,청보,3.78,27,11,1,9,10,0,0,0.474,748,173 2/3,185,8,80,6,38,80,73
임호균,83371,1988,태평양,7.07,5,0,0,0,3,0,0,0.000,68,14,23,1,10,0,4,13,11
임호균,83371,1989,태평양,2.40,7,0,0,0,1,1,0,0.000,64,15,13,0,6,2,6,7,4
임호균,83371,1990,태평양,4.60,7,0,0,0,0,0,0,-,67,15 2/3,14,0,6,1,4,9,8
김시진,83412,1983,삼성  ,2.55,37,17,5,17,12,1,0,0.586,950,229 1/3,189,8,95,14,154,78,65
김시진,83412,1984,삼성  ,3.18,39,11,2,19,11,2,0,0.633,910,215,178,14,112,13,154,94,76
김시진,83412,1985,삼성  ,2.00,47,10,2,25,5,10,0,0.833,1064,269 2/3,172,8,121,15,201,63,60
김시진,83412,1986,삼성,2.47,30,11,1,16,6,3,0,0.727,822,196 2/3,161,6,110,6,87,68,54
김시진,83412,1987,삼성,3.12,33,7,3,23,6,0,0,0.793,818,193 1/3,166,9,96,7,113,73,67
김시진,83412,1988,삼성,3.49,25,5,1,11,9,0,0,0.550,602,144 1/3,107,10,70,7,67,62,56
김시진,83412,1989,롯데,3.87,19,1,0,4,9,0,0,0.308,493,111 2/3,106,8,60,8,55,53,48
김시진,83412,1990,롯데,4.04,26,4,2,7,10,0,0,0.412,631,151 1/3,136,9,57,12,67,75,68
김시진,83412,1991,롯데,6.18,13,1,0,2,4,0,0,0.333,258,55 1/3,70,5,26,1,31,39,38
김시진,83412,1992,롯데,13.06,4,0,0,0,1,0,0,0.000,53,10 1/3,17,5,8,0,2,15,15
박동경,83470,1983,삼성  ,4.03,12,0,0,0,1,0,0,0.000,94,22 1/3,24,0,6,2,4,12,10
박동경,83470,1986,삼성,3.38,1,0,0,0,0,0,0,-,12,2 2/3,3,0,2,0,2,1,1
박동경,83470,1987,삼성,5.16,8,1,0,1,1,0,0,0.500,131,29 2/3,32,2,16,1,10,17,17
박동경,83470,1988,삼성,5.26,13,0,0,0,1,0,0,0.000,178,37 2/3,47,4,26,3,8,25,22
엄평재,83561,1983,해태  ,5.45,13,0,0,0,2,0,0,0.000,147,33,34,4,16,3,12,25,20
김현재,83539,1983,해태  ,4.07,10,1,0,1,0,0,0,1.000,122,24 1/3,32,2,16,2,6,15,11
김현재,83539,1984,해태  ,2.70,4,0,0,0,0,0,0,-,35,6 2/3,8,2,6,0,4,8,2
최동원,83540,1983,롯데  ,2.89,38,16,1,9,16,4,0,0.360,863,208 2/3,202,17,51,8,148,89,67
최동원,83540,1984,롯데  ,2.40,51,14,1,27,13,6,0,0.675,1132,284 2/3,228,18,68,14,223,91,76
최동원,83540,1985,롯데,1.92,42,14,4,20,9,8,0,0.690,865,225,170,7,41,8,161,60,48
최동원,83540,1986,롯데,1.55,39,17,4,19,14,2,0,0.576,1039,267,204,7,55,6,208,60,46
최동원,83540,1987,롯데,2.81,32,15,4,14,12,2,0,0.538,920,224,218,6,61,7,163,80,70
최동원,83540,1988,롯데,2.05,16,3,1,7,3,3,0,0.700,349,83 1/3,77,4,24,1,83,24,19
최동원,83540,1989,삼성,2.10,8,0,0,1,2,0,0,0.333,138,30,36,2,18,1,9,12,7
최동원,83540,1990,삼성,5.28,22,2,0,6,5,1,0,0.545,424,92,113,9,54,2,24,62,54
안창완,83575,1984,롯데  ,1.67,27,0,0,3,3,0,0,0.500,297,70,72,6,28,3,39,20,13
안창완,83575,1985,롯데,3.12,2,0,0,0,1,0,0,0.000,39,8 2/3,9,1,3,0,4,7,3
안창완,83575,1986,롯데,6.75,4,0,0,0,0,0,0,-,34,6 2/3,10,3,4,0,0,7,5
안창완,83575,1987,롯데,4.21,20,0,0,1,3,3,0,0.250,225,51 1/3,47,2,34,1,29,26,24
안창완,83575,1988,롯데,4.33,29,0,0,1,3,2,0,0.250,259,62 1/3,56,3,26,0,26,31,30
안창완,83575,1989,롯데,5.50,17,0,0,2,1,0,0,0.667,188,37 2/3,52,4,28,0,21,24,23
안창완,83575,1990,롯데,4.94,32,0,0,1,1,1,0,0.500,140,31,40,4,13,1,7,17,17
안창완,83575,1991,롯데,3.27,9,0,0,0,0,0,0,-,48,11,9,2,7,1,10,6,4
배경환,83570,1983,롯데  ,3.18,37,4,2,7,4,0,0,0.636,637,150,159,9,32,5,62,72,53
배경환,83570,1984,롯데  ,3.48,35,2,0,6,5,2,0,0.545,516,121 2/3,135,10,28,5,59,57,47
배경환,83570,1985,롯데,2.83,22,2,1,6,6,0,0,0.500,406,98 2/3,93,6,21,4,38,36,31
배경환,83570,1986,롯데,2.79,18,1,0,3,2,4,0,0.600,244,58,51,5,24,3,18,22,18
배경환,83570,1987,청보,3.70,26,5,0,4,7,2,0,0.364,449,104 2/3,118,7,28,1,30,54,43
배경환,83570,1988,태평양,6.71,13,1,1,1,7,0,0,0.125,238,52 1/3,57,9,23,1,18,40,39
배경환,83570,1989,태평양,5.00,3,0,0,1,0,0,0,1.000,41,9,12,0,3,0,2,7,5
배경환,83570,1990,태평양,3.52,7,0,0,0,0,0,0,-,65,15 1/3,18,1,6,0,4,6,6
박정후,83588,1983,롯데  ,15.19,3,0,0,0,0,0,0,-,29,5 1/3,5,0,6,3,1,10,9
박정후,83588,1984,삼미  ,3.50,31,2,0,5,11,0,0,0.313,586,139,129,9,70,11,60,58,54
박정후,83588,1985,청보,7.22,16,0,0,0,3,1,0,0.000,186,38 2/3,43,4,34,3,14,34,31
주동식,83600,1983,해태  ,3.14,30,3,2,7,7,3,0,0.500,599,143 1/3,133,14,38,9,56,60,50
주동식,83600,1984,해태  ,2.27,18,4,2,6,5,0,0,0.545,333,83 1/3,74,4,21,3,27,23,21
신계석,83738,1983,MBC   ,9.00,1,0,0,0,0,0,0,-,13,2,5,0,1,0,0,3,2
유종천,83977,1983,삼미  ,7.94,5,1,0,1,2,0,0,0.333,89,17,24,0,14,2,7,16,15
김상기,83992,1983,삼미  ,5.74,7,2,0,2,3,0,0,0.400,140,31 1/3,29,6,16,2,10,21,20
김상기,83992,1984,삼미  ,2.82,11,0,0,0,0,0,0,-,94,22 1/3,24,1,7,3,5,9,7
김상기,83992,1986,청보,7.11,5,0,0,0,2,0,0,0.000,29,6 1/3,8,1,5,0,2,7,5
김상기,83992,1987,청보,7.71,3,0,0,0,0,0,0,-,10,2 1/3,3,0,2,0,0,2,2
장명부,83999,1983,삼미  ,2.36,60,36,6,30,16,6,0,0.652,1712,427 1/3,388,19,106,16,220,138,112
장명부,83999,1984,삼미  ,3.30,45,15,2,13,20,7,0,0.394,1074,261 2/3,261,20,66,6,145,111,96
장명부,83999,1985,청보,5.30,45,11,0,11,25,5,0,0.306,1117,246,303,22,100,12,128,175,145
장명부,83999,1986,빙그레,4.98,22,3,0,1,18,0,0,0.053,493,108 1/3,130,12,41,9,48,71,60
김봉근,84111,1984,MBC   ,2.52,32,7,1,9,7,2,0,0.563,681,171 1/3,146,9,37,6,61,62,48
김봉근,84111,1985,MBC,3.34,21,4,0,2,7,0,0,0.222,461,113 1/3,110,16,27,5,37,47,42
김봉근,84111,1986,청보,2.82,11,1,1,2,4,0,0,0.333,205,51,42,2,16,2,15,18,16
김봉근,84111,1987,청보,4.87,27,5,0,4,11,2,0,0.267,590,135,163,12,37,4,41,82,73
김봉근,84111,1988,태평양,5.09,22,2,0,4,11,0,0,0.267,404,93 2/3,123,12,13,2,25,61,53
김봉근,84111,1989,태평양,6.00,6,0,0,0,0,0,0,-,41,9,13,1,4,1,4,6,6
김봉근,84111,1991,쌍방울,4.70,8,0,0,0,0,0,0,-,70,15 1/3,22,4,3,0,11,12,8
김봉근,84111,1992,쌍방울,9.00,1,0,0,0,0,0,0,-,10,2,4,1,1,0,0,2,2
한오종,84274,1985,OB,0.00,1,0,0,0,0,0,0,-,4,1,0,0,2,0,0,0,0
한오종,84274,1987,OB,5.40,3,0,0,0,0,0,0,-,21,5,3,1,4,0,1,3,3
한오종,84274,1988,OB,3.81,26,2,1,4,4,0,0,0.500,496,115 2/3,108,9,57,3,60,54,49
한오종,84274,1989,OB,18.90,4,0,0,0,2,0,0,0.000,22,3 1/3,7,1,5,0,2,7,7
한오종,84274,1991,쌍방울,-,1,0,0,0,0,0,0,-,1,0,0,0,1,0,0,0,0
조용철,84393,1984,롯데  ,0.00,2,0,0,0,0,0,0,-,11,2,3,0,2,0,2,1,0
조용철,84393,1985,롯데,9.82,5,0,0,0,0,0,0,-,36,7 1/3,14,0,3,0,2,9,8
김진욱,84214,1984,OB    ,3.13,25,5,1,6,11,2,0,0.353,508,118,107,5,58,10,43,53,41
김진욱,84214,1985,OB,3.02,30,4,2,10,8,0,0,0.556,605,143,134,7,55,10,57,56,48
김진욱,84214,1986,OB,4.08,28,1,0,4,6,3,0,0.400,357,81 2/3,81,4,41,3,41,43,37
김진욱,84214,1987,OB,2.57,32,7,2,4,7,6,0,0.364,601,150 1/3,120,3,58,3,82,49,43
김진욱,84214,1988,OB,3.10,29,5,2,11,8,2,0,0.579,559,139 1/3,116,6,45,8,73,52,48
김진욱,84214,1989,OB,3.35,33,8,4,11,9,3,0,0.550,649,158 1/3,130,7,59,12,95,63,59
김진욱,84214,1990,OB,6.66,18,2,0,2,12,0,0,0.143,356,78 1/3,90,6,35,7,38,63,58
김진욱,84214,1991,OB,5.86,9,1,1,2,6,0,0,0.250,162,35 1/3,39,2,20,3,13,25,23
김진욱,84214,1992,OB,4.52,17,1,0,3,4,0,0,0.429,302,69 2/3,68,5,29,4,48,38,35
김진욱,84214,1993,쌍방울,7.27,10,0,0,0,0,0,0,-,83,17 1/3,25,3,7,2,6,17,14
진동한,84405,1984,삼성  ,1.80,2,0,0,0,0,0,0,-,21,5,1,0,5,0,0,1,1
진동한,84405,1985,삼성  ,2.98,24,1,0,4,2,0,0,0.667,339,81 2/3,74,3,28,3,24,36,27
진동한,84405,1986,삼성,2.88,24,2,0,9,4,4,0,0.692,457,109 1/3,99,8,41,3,37,42,35
진동한,84405,1987,삼성,2.81,28,2,0,12,6,2,0,0.667,596,144,144,8,49,7,34,56,45
진동한,84405,1988,삼성,4.64,18,1,1,2,3,1,0,0.400,238,54 1/3,63,2,22,1,10,28,28
진동한,84405,1989,삼성,8.52,18,0,0,1,3,1,0,0.250,226,43 1/3,71,7,24,3,11,47,41
진동한,84405,1991,쌍방울,5.09,26,3,2,5,8,0,0,0.385,501,111 1/3,115,15,55,9,45,66,63
진동한,84405,1992,쌍방울,6.20,25,0,0,1,6,1,0,0.143,235,49 1/3,60,8,24,4,20,42,34
윤석환,84273,1984,OB    ,2.84,57,0,0,12,8,25,0,0.600,581,146,108,17,43,3,111,49,46
윤석환,84273,1985,OB,3.34,41,1,0,5,1,6,0,0.833,453,110 1/3,114,13,30,5,44,48,41
윤석환,84273,1986,OB,3.13,18,0,0,2,4,0,0,0.333,281,63 1/3,66,3,30,1,13,28,22
윤석환,84273,1987,OB,3.94,25,3,2,7,8,1,0,0.467,457,105,124,5,38,2,41,50,46
윤석환,84273,1988,OB,2.08,40,0,0,13,3,14,0,0.813,439,108,96,6,38,2,53,28,25
윤석환,84273,1989,OB,4.67,24,0,0,2,3,1,0,0.400,239,54,60,8,29,0,12,28,28
윤석환,84273,1990,OB,6.88,14,0,0,1,0,2,0,1.000,74,17,22,1,7,0,6,13,13
윤석환,84273,1991,삼성,6.52,16,0,0,1,0,0,0,1.000,130,29,38,5,12,0,13,21,21
최일언,84240,1984,OB    ,2.84,37,1,0,9,6,3,0,0.600,695,167 2/3,145,6,65,8,86,60,53
최일언,84240,1985,OB,2.43,38,2,0,10,14,3,0,0.417,610,144 2/3,119,4,75,5,88,57,39
최일언,84240,1986,OB,1.58,33,13,6,19,4,2,0,0.826,881,221 2/3,140,2,101,6,101,49,39
최일언,84240,1987,OB,2.56,24,9,2,14,8,1,0,0.636,639,154 2/3,129,4,70,6,70,52,44
최일언,84240,1988,OB,2.18,20,2,0,6,4,0,0,0.600,485,115 2/3,100,0,48,5,50,33,28
최일언,84240,1989,OB,4.29,28,3,1,7,12,2,0,0.368,591,136 1/3,132,4,81,2,62,75,65
최일언,84240,1990,LG,4.62,15,1,0,3,2,0,0,0.600,223,48 2/3,49,6,33,3,24,26,25
최일언,84240,1991,삼성,4.47,32,0,0,9,6,0,0,0.600,423,96 2/3,100,4,53,3,56,54,48
최일언,84240,1992,삼성,4.60,13,0,0,1,1,0,0,0.500,126,29 1/3,28,4,15,1,19,16,15
문희수,84671,1984,해태  ,4.26,5,0,0,0,0,0,0,-,55,12 2/3,12,0,5,1,14,6,6
문희수,84671,1985,해태,3.48,39,2,0,12,8,1,0,0.600,631,144 2/3,159,11,48,5,64,69,56
문희수,84671,1986,해태,3.00,15,0,0,7,2,0,0,0.778,299,75,66,2,24,3,23,27,25
문희수,84671,1987,해태,2.14,22,4,1,7,7,2,0,0.500,429,109 1/3,89,5,27,4,37,34,26
문희수,84671,1988,해태,3.02,26,4,1,8,7,3,0,0.533,458,110 1/3,101,9,33,1,55,45,37
문희수,84671,1989,해태,3.93,26,2,1,6,10,1,0,0.375,530,121 1/3,110,7,65,2,59,60,53
문희수,84671,1990,해태,2.50,5,0,0,0,0,0,0,-,73,18,14,0,8,0,5,6,5
문희수,84671,1991,해태,2.88,28,1,1,4,0,4,0,1.000,319,75,61,5,37,2,46,26,24
문희수,84671,1992,해태,5.08,33,3,0,10,8,1,0,0.556,644,145 1/3,145,12,56,12,73,91,82
문희수,84671,1993,해태,3.82,18,1,1,5,2,0,0,0.714,276,63 2/3,71,2,14,5,35,31,27
문희수,84671,1994,해태,5.40,18,0,0,0,5,1,0,0.000,246,53 1/3,58,4,25,5,21,39,32
문희수,84671,1995,해태,7.98,6,0,0,0,0,0,0,-,71,14 2/3,26,0,3,0,7,13,13
전용권,84473,1984,삼성  ,4.44,13,0,0,0,2,1,0,0.000,112,26 1/3,26,0,11,2,6,13,13
전용권,84473,1986,삼성,3.77,11,1,1,1,0,0,0,1.000,117,28 2/3,24,2,12,1,8,13,12
전용권,84473,1987,삼성,81.00,1,0,0,0,0,0,0,-,4,1/3,3,1,0,0,0,3,3
전용권,84473,1988,삼성,5.09,14,0,0,2,2,1,0,0.500,209,46,53,6,22,3,8,28,26
전용권,84473,1989,롯데,9.24,7,0,0,0,0,0,0,-,63,12 2/3,21,1,3,2,1,13,13
전용권,84473,1990,롯데,5.18,22,0,0,2,4,1,0,0.333,218,48 2/3,59,3,21,1,9,32,28
전용권,84473,1991,롯데,6.00,2,0,0,0,1,0,0,0.000,28,6,11,0,1,0,3,4,4
이문한,84520,1984,롯데  ,5.58,16,0,0,1,4,0,0,0.200,214,50,52,8,17,2,17,32,31
이문한,84520,1987,롯데,2.75,13,1,0,1,0,0,0,1.000,152,36,24,2,24,0,16,11,11
이문한,84520,1988,롯데,2.68,16,1,0,3,1,1,0,0.750,223,57,40,5,17,2,26,19,17
이문한,84520,1989,삼성,4.42,26,0,0,2,0,1,0,1.000,257,57,56,6,39,1,31,31,28
이문한,84520,1990,삼성,3.98,26,0,0,2,4,1,0,0.333,230,52,42,6,35,2,11,26,23
이문한,84520,1991,삼성,6.63,8,0,0,0,0,0,0,-,84,19,22,6,6,0,4,14,14
신태순,84700,1985,해태,3.64,21,0,0,0,6,0,0,0.000,316,71 2/3,77,6,29,5,25,39,29
신태순,84700,1986,해태,20.25,1,0,0,0,0,0,0,-,10,1 1/3,4,0,1,0,0,4,3
권기홍,84992,1984,삼성  ,7.88,3,0,0,0,0,0,0,-,37,8,9,1,4,1,0,7,7
권기홍,84992,1985,삼성  ,3.00,3,0,0,0,0,0,0,-,14,3,4,0,1,0,3,1,1
권기홍,84992,1986,삼성,9.24,5,0,0,0,2,0,0,0.000,60,12 2/3,18,5,3,2,7,15,13
권기홍,84992,1987,삼성,7.01,8,0,0,0,4,0,0,0.000,127,25 2/3,40,3,14,0,10,24,20
권기홍,84992,1988,삼성,15.43,2,0,0,0,0,0,0,-,12,2 1/3,5,2,0,0,0,4,4
박덕용,84995,1984,롯데  ,5.21,6,0,0,1,2,0,0,0.333,82,19,20,4,7,0,4,11,11
김용수,85110,1985,MBC,3.74,6,0,0,1,2,2,0,0.333,93,21 2/3,22,2,7,0,13,9,9
김용수,85110,1986,MBC,1.67,60,0,0,9,9,26,0,0.500,694,178,128,4,59,3,74,40,33
김용수,85110,1987,MBC,1.98,52,0,0,9,5,24,0,0.643,560,141,112,6,36,4,71,34,31
김용수,85110,1988,MBC,4.47,34,1,0,3,5,11,0,0.375,438,98 2/3,118,5,31,3,51,51,49
김용수,85110,1989,MBC,3.19,47,0,0,5,5,22,0,0.500,429,104 1/3,107,2,29,3,51,43,37
김용수,85110,1990,LG,2.04,33,2,0,12,5,5,0,0.706,594,149 2/3,122,4,38,3,119,40,34
김용수,85110,1991,LG,2.79,41,8,1,12,11,10,0,0.522,788,190,172,5,62,8,129,71,59
김용수,85110,1992,LG,5.16,14,1,0,5,4,0,0,0.556,255,61,62,5,17,3,27,37,35
김용수,85110,1993,LG,1.55,50,0,0,6,2,26,0,0.750,293,75 2/3,53,3,20,2,60,16,13
김용수,85110,1994,LG,2.56,42,0,0,5,5,30,0,0.500,247,63 1/3,46,1,10,1,44,24,18
김용수,85110,1995,LG,1.43,48,0,0,4,2,30,0,0.667,270,69,59,1,10,1,44,12,11
김용수,85110,1996,LG,2.82,48,2,1,16,7,9,0,0.696,546,130 2/3,123,6,36,3,92,55,41
김용수,85110,1997,LG,3.70,28,2,0,12,8,0,0,0.600,733,177 2/3,163,16,43,8,121,82,73
김용수,85110,1998,LG,3.45,32,1,0,18,6,2,0,0.750,742,175,176,11,45,7,116,74,67
김용수,85110,1999,LG,2.88,46,0,0,3,9,26,0,0.250,289,68 2/3,70,5,13,3,48,23,22
김용수,85110,2000,LG,5.24,32,0,0,6,4,4,1,0.600,556,127,142,10,42,9,85,83,74
김일융,84999,1984,삼성  ,2.27,38,14,3,16,10,3,0,0.615,907,222,191,7,78,6,155,68,56
김일융,84999,1985,삼성  ,2.79,34,11,3,25,6,0,0,0.806,920,226,200,13,77,5,107,87,70
김일융,84999,1986,삼성,2.53,19,7,2,13,4,0,0,0.765,573,138 2/3,120,8,45,2,60,47,39
김재열,84993,1984,롯데  ,4.00,15,0,0,1,1,1,0,0.500,158,36,36,4,17,2,14,18,16
김재열,84993,1986,빙그레,3.41,25,1,0,2,8,1,0,0.200,393,89 2/3,91,5,39,8,24,49,34
김재열,84993,1987,빙그레,4.58,12,0,0,1,1,0,0,0.500,171,39 1/3,48,6,16,3,10,24,20
김재열,84993,1988,빙그레,36.00,1,0,0,0,0,0,0,-,7,1,4,0,1,0,0,4,4
정삼흠,85150,1985,MBC,3.13,41,7,3,9,12,5,0,0.429,801,192 2/3,169,13,72,12,100,72,67
정삼흠,85150,1986,MBC,4.61,18,0,0,1,2,1,0,0.333,241,52 2/3,57,3,36,2,21,32,27
정삼흠,85150,1987,MBC,2.86,33,8,3,6,13,2,0,0.316,804,195 1/3,171,10,73,7,85,68,62
정삼흠,85150,1988,MBC,5.67,27,6,1,5,16,0,0,0.238,634,139 2/3,163,20,61,14,43,96,88
정삼흠,85150,1989,MBC,3.67,21,4,0,5,7,3,0,0.417,435,100 2/3,93,7,50,1,37,46,41
정삼흠,85150,1990,LG,2.78,55,1,0,8,9,23,0,0.471,684,168 1/3,133,4,57,9,86,58,52
정삼흠,85150,1991,LG,4.18,39,4,0,12,15,8,0,0.444,763,180 2/3,176,17,50,9,114,93,84
정삼흠,85150,1992,LG,4.04,46,4,1,14,11,5,0,0.560,776,180 1/3,172,17,68,11,128,89,81
정삼흠,85150,1993,LG,2.99,30,4,1,15,11,0,0,0.577,822,198 2/3,184,11,53,11,93,81,66
정삼흠,85150,1994,LG,2.95,27,9,2,15,8,0,0,0.652,758,186 1/3,173,18,41,13,76,72,61
정삼흠,85150,1995,LG,3.81,26,3,0,8,9,0,0,0.471,692,163,154,17,50,22,82,79,69
정삼흠,85150,1996,LG,4.29,25,0,0,8,8,0,0,0.500,594,136 1/3,139,11,52,16,76,69,65
정은배,85350,1985,청보,3.64,29,5,1,7,9,2,0,0.438,607,141,142,14,60,8,45,66,57
정은배,85350,1986,청보,4.53,31,0,0,2,9,3,0,0.182,469,105 1/3,120,9,44,5,41,70,53
정은배,85350,1987,청보,5.19,22,0,0,1,3,3,0,0.250,279,60 2/3,87,4,19,1,27,40,35
정은배,85350,1989,태평양,9.82,5,0,0,0,1,0,0,0.000,56,11,13,0,10,0,3,13,12
정은배,85350,1990,태평양,5.87,2,0,0,0,0,0,0,-,34,7 2/3,10,0,3,1,1,6,5
정은배,85350,1991,태평양,4.56,9,0,0,0,1,0,0,0.000,107,25 2/3,24,5,11,0,16,13,13
정은배,85350,1992,태평양,20.25,2,0,0,0,1,0,0,0.000,16,2 2/3,2,0,7,0,1,6,6
최상주,85617,1985,해태,4.04,32,0,0,5,7,0,0,0.417,403,93 2/3,101,7,36,7,32,52,42
최상주,85617,1986,해태,9.82,8,0,0,0,0,0,0,-,39,7 1/3,6,1,9,0,3,10,8
최상주,85617,1987,해태,11.81,3,0,0,0,0,0,0,-,29,5 1/3,11,0,3,0,0,7,7
최상주,85617,1988,해태,7.11,7,0,0,0,2,0,0,0.000,85,19,21,8,5,0,6,19,15
박동수,85531,1985,롯데,2.73,32,7,2,9,10,0,0,0.474,695,168,158,11,36,17,84,69,51
박동수,85531,1986,롯데,2.54,30,5,0,8,7,3,0,0.533,613,148 2/3,133,2,31,13,68,53,42
박동수,85531,1987,롯데,4.24,32,8,1,9,8,3,0,0.529,601,140,165,10,27,13,71,72,66
박동수,85531,1988,롯데,3.62,31,0,0,7,8,2,0,0.467,490,114 1/3,131,6,27,7,59,59,46
박동수,85531,1989,롯데,4.67,14,1,0,1,5,0,0,0.167,303,69 1/3,78,8,21,10,33,40,36
박동수,85531,1990,롯데,5.89,25,0,0,3,6,0,0,0.333,299,65 2/3,80,4,17,11,18,46,43
박동수,85531,1991,롯데,4.96,30,0,0,2,3,2,0,0.400,311,69,85,6,20,10,38,42,38
박동수,85531,1992,롯데,4.60,12,0,0,2,1,0,0,0.667,131,29 1/3,38,1,8,1,18,17,15
박동수,85531,1993,롯데,6.35,3,0,0,0,0,0,0,-,28,5 2/3,11,1,1,0,3,5,4
양상문,85570,1985,롯데,3.83,33,1,1,6,3,4,0,0.667,446,101,120,7,25,5,58,57,43
양상문,85570,1986,롯데,1.93,21,0,0,1,2,0,0,0.333,145,37 1/3,27,2,9,5,21,8,8
양상문,85570,1987,청보,3.10,36,13,3,12,13,0,0,0.480,863,209 1/3,188,18,66,5,84,87,72
양상문,85570,1988,태평양,3.83,38,8,1,9,12,3,0,0.429,722,169 1/3,185,12,54,2,68,89,72
양상문,85570,1989,태평양,3.28,35,5,0,8,11,4,0,0.421,649,161 2/3,130,12,71,6,91,60,59
양상문,85570,1990,태평양,3.22,34,6,4,11,9,1,0,0.550,673,162 1/3,151,10,55,2,68,72,58
양상문,85570,1991,태평양,3.50,25,3,1,6,9,1,0,0.400,518,123 1/3,122,6,45,1,80,54,48
양상문,85570,1992,태평양,4.55,28,1,0,7,8,0,0,0.467,626,144 1/3,134,22,76,2,83,78,73
양상문,85570,1993,태평양,4.46,22,4,0,3,12,0,0,0.200,456,101,110,9,46,4,46,62,50
선동열,85672,1985,해태,1.70,25,1,0,7,4,8,0,0.636,424,111,74,2,20,3,103,30,21
선동열,85672,1986,해태,0.99,39,19,8,24,6,6,0,0.800,972,262 2/3,153,2,52,7,214,38,29
선동열,85672,1987,해태,0.89,31,7,4,14,2,6,0,0.875,604,162,89,2,47,3,144,21,16
선동열,85672,1988,해태,1.21,31,9,1,16,5,10,0,0.762,674,178 1/3,116,3,35,7,200,29,24
선동열,85672,1989,해태,1.17,36,8,6,21,3,8,0,0.875,618,169,82,2,48,7,198,27,22
선동열,85672,1990,해태,1.13,35,8,6,22,6,4,0,0.786,724,190 1/3,121,1,50,8,189,35,24
선동열,85672,1991,해태,1.55,35,12,3,19,4,6,0,0.826,761,203,135,8,25,8,210,42,35
선동열,85672,1992,해태,0.28,11,1,1,2,0,8,0,1.000,119,32 2/3,20,0,10,2,42,1,1
선동열,85672,1993,해태,0.78,49,0,0,10,3,31,0,0.769,433,126 1/3,48,2,20,6,164,11,11
선동열,85672,1994,해태,2.73,27,3,0,6,4,12,0,0.600,404,102 1/3,81,5,21,8,94,31,31
선동열,85672,1995,해태,0.49,48,0,0,5,3,33,0,0.625,381,109 1/3,49,1,14,3,140,9,6
안언학,86101,1985,MBC,9.00,10,0,0,0,2,0,0,0.000,74,15,19,1,9,2,4,17,15
이충우,85998,1985,롯데,5.22,12,0,0,0,0,0,0,-,133,29 1/3,39,2,8,1,13,21,17
이충우,85998,1986,롯데,9.90,3,0,0,0,1,0,0,0.000,49,10,16,2,4,0,2,12,11
이충우,85998,1987,롯데,3.05,9,0,0,0,0,0,0,-,88,20 2/3,21,1,4,1,9,8,7
이충우,85998,1988,태평양,18.00,2,0,0,0,0,0,0,-,17,3,7,1,1,1,1,6,6
김기철,85992,1985,해태,7.36,5,0,0,0,0,0,0,-,37,7 1/3,12,2,5,0,5,7,6
김준희,85994,1985,삼성  ,18.00,1,0,0,0,0,0,0,-,12,2,5,1,1,0,1,4,4
김준희,85994,1986,삼성,5.93,8,0,0,0,0,0,0,-,65,13 2/3,19,0,6,2,7,9,9
김준희,85994,1987,삼성,14.14,4,0,0,0,0,0,0,-,40,7,13,0,6,0,0,11,11
김정행,85993,1985,롯데,2.73,19,5,2,7,5,0,0,0.583,482,115 1/3,103,6,54,4,55,42,35
김정행,85993,1986,롯데,2.90,20,6,2,7,7,0,0,0.500,499,118,94,5,61,7,51,40,38
김정행,85993,1987,롯데,3.62,17,5,2,6,5,0,0,0.545,426,102,95,3,41,1,46,45,41
김정행,85993,1988,롯데,3.64,15,4,2,8,4,0,0,0.667,400,94,82,3,50,3,29,43,38
김건우,86111,1986,MBC,1.80,37,9,2,18,6,0,0,0.750,891,229 2/3,170,6,62,9,102,62,46
김건우,86111,1987,MBC,2.64,26,6,1,12,7,0,0,0.632,686,163 1/3,170,5,51,3,56,54,48
김건우,86111,1989,MBC,3.76,10,0,0,3,2,2,0,0.600,167,38 1/3,40,2,13,2,13,17,16
김건우,86111,1990,LG,6.21,12,0,0,2,3,1,0,0.400,179,37 2/3,47,1,16,5,13,28,26
김건우,86111,1991,LG,9.00,2,0,0,1,1,0,0,0.500,25,5,5,1,5,1,2,6,5
김건우,86111,1997,LG,4.63,7,0,0,0,0,0,0,-,49,11 2/3,11,3,4,0,11,6,6
김태원,86110,1986,MBC,2.86,33,1,0,2,6,3,0,0.250,438,107,87,8,41,1,50,35,34
김태원,86110,1987,MBC,8.44,10,1,0,0,2,0,0,0.000,149,32,50,2,7,5,16,32,30
김태원,86110,1989,MBC,2.83,24,0,0,2,3,0,0,0.400,418,98 2/3,85,2,47,3,68,31,31
김태원,86110,1990,LG,2.51,33,6,3,18,5,1,0,0.783,786,193 1/3,152,8,61,7,127,65,54
김태원,86110,1991,LG,4.84,26,6,0,8,8,0,0,0.500,586,135 2/3,127,12,60,2,91,74,73
김태원,86110,1992,LG,3.40,31,8,3,10,14,1,0,0.417,759,177 1/3,180,10,64,7,119,81,67
김태원,86110,1993,LG,2.42,25,4,1,8,8,0,0,0.500,567,141 1/3,100,6,44,11,84,43,38
김태원,86110,1994,LG,2.41,28,6,3,16,5,0,0,0.762,753,190 2/3,142,6,50,8,96,57,51
김태원,86110,1995,LG,5.01,22,1,0,9,11,0,0,0.450,539,124,126,7,36,5,59,75,69
김태원,86110,1996,LG,3.79,26,3,0,9,12,0,0,0.429,647,156 2/3,140,17,47,7,86,72,66
김태원,86110,1997,LG,5.46,7,0,0,3,2,0,0,0.600,123,28,32,4,11,2,13,17,17
김태원,86110,1998,LG,1.80,8,0,0,0,1,0,0,0.000,63,15,10,1,6,2,10,6,3
박형열,86230,1986,OB,3.38,2,0,0,0,0,0,0,-,10,2 2/3,1,0,1,0,0,1,1
박형열,86230,1987,OB,27.00,1,0,0,0,0,0,0,-,7,1,3,2,2,0,1,3,3
박형열,86230,1990,OB,3.79,27,1,1,2,3,1,0,0.400,332,76,68,2,46,2,28,36,32
박형열,86230,1991,OB,4.10,12,0,0,1,2,0,0,0.333,111,26 1/3,24,1,10,1,11,13,12
예병준,86170,1986,MBC,8.18,5,0,0,0,0,0,0,-,53,11,19,0,4,0,3,10,10
예병준,86170,1987,MBC,3.86,15,0,0,1,1,0,0,0.500,170,39 2/3,46,2,10,1,11,23,17
예병준,86170,1988,MBC,3.93,12,2,0,1,6,0,0,0.143,229,50 1/3,59,2,25,4,14,23,22
예병준,86170,1989,MBC,6.86,16,0,0,0,4,0,0,0.000,200,40 2/3,61,9,19,2,10,34,31
예병준,86170,1990,LG,7.94,4,0,0,0,0,0,0,-,56,11 1/3,14,0,7,2,5,12,10
박노준,86231,1986,OB,2.28,33,1,0,5,6,7,0,0.455,442,110 1/3,91,4,36,2,61,34,28
박노준,86231,1987,OB,6.19,9,0,0,0,1,0,0,0.000,75,16,16,3,14,1,8,11,11
박노준,86231,1988,OB,18.00,1,0,0,0,0,0,0,-,17,3,5,0,1,1,1,6,6
이재홍,86120,1989,MBC,3.00,8,0,0,2,1,0,0,0.667,105,27,22,2,4,1,12,10,9
이재홍,86120,1991,쌍방울,5.81,28,0,0,2,7,1,0,0.222,352,79,87,14,37,5,26,58,51
이재홍,86120,1992,쌍방울,5.24,44,0,0,3,8,1,0,0.273,507,115,121,15,42,9,56,76,67
이재홍,86120,1993,쌍방울,12.64,7,0,0,0,1,0,0,0.000,81,15 2/3,28,5,4,2,9,23,22
천성호,86346,1986,청보,7.11,5,0,0,0,1,0,0,0.000,30,6 1/3,7,1,3,0,2,5,5
김신부,86310,1986,청보,3.21,40,10,3,10,10,0,0,0.500,965,233,220,12,57,21,89,93,83
김신부,86310,1987,청보,4.04,27,4,1,6,11,1,0,0.353,500,113 2/3,132,4,32,13,33,54,51
김신부,86310,1988,태평양,3.87,29,2,1,9,8,1,0,0.529,526,123 1/3,126,8,29,16,38,63,53
김신부,86310,1989,태평양,4.31,24,0,0,5,5,2,0,0.500,413,96,97,8,36,11,31,60,46
김신부,86310,1990,LG,4.09,11,0,0,2,2,1,0,0.500,152,33,32,3,22,5,6,16,15
김훈기,86410,1986,삼성,3.38,3,0,0,0,1,0,0,0.000,35,8,9,0,3,0,1,4,3
김훈기,86410,1987,삼성,4.02,24,2,0,3,5,3,0,0.375,365,80 2/3,82,5,41,7,22,42,36
김훈기,86410,1988,삼성,2.75,27,6,3,10,5,3,0,0.667,472,118,102,8,23,3,50,44,36
김훈기,86410,1989,삼성,4.14,10,2,0,6,1,0,0,0.857,221,50,48,3,23,4,14,24,23
조병천,86370,1986,청보,4.66,30,0,0,1,6,0,0,0.143,407,94 2/3,99,5,37,0,48,53,49
조병천,86370,1987,청보,4.71,19,4,0,4,4,0,0,0.500,326,78 1/3,85,9,16,3,38,45,41
조병천,86370,1988,태평양,3.94,28,4,0,2,10,1,0,0.167,546,128,134,6,44,1,40,59,56
조병천,86370,1989,태평양,4.71,13,0,0,0,2,0,0,0.000,123,28 2/3,34,1,7,0,15,18,15
조병천,86370,1990,태평양,3.99,26,2,0,6,8,2,0,0.429,433,99 1/3,94,2,50,3,36,46,44
조병천,86370,1991,태평양,6.67,16,1,0,1,6,0,0,0.143,260,54,69,14,37,2,20,42,40
조병천,86370,1992,태평양,7.94,10,1,0,1,2,1,0,0.333,79,17,22,3,10,0,10,15,15
김기태,86303,1986,청보,3.18,42,6,1,9,14,5,0,0.391,746,175 1/3,158,12,66,17,109,73,62
김기태,86303,1987,삼성,4.74,17,5,1,7,5,0,0,0.583,418,95,89,8,48,12,46,57,50
오명록,86570,1986,롯데,3.91,23,0,0,4,4,0,0,0.500,308,71 1/3,70,3,28,4,52,36,31
오명록,86570,1987,롯데,2.93,13,4,1,5,3,0,0,0.625,324,76 2/3,70,2,30,0,41,26,25
오명록,86570,1988,롯데,3.70,19,2,1,6,7,1,0,0.462,384,90,85,8,40,1,43,49,37
오명록,86570,1989,삼성,4.05,18,1,0,2,3,2,0,0.400,226,53 1/3,47,6,32,0,28,25,24
오명록,86570,1990,삼성,6.30,8,1,0,0,4,1,0,0.000,98,20,29,5,10,2,9,15,14
성준,86470,1986,삼성,2.36,29,6,1,15,5,2,0,0.750,607,149,135,9,40,3,60,48,39
성준,86470,1987,삼성,3.55,21,4,2,4,7,1,0,0.364,459,109,111,11,47,1,32,44,43
성준,86470,1988,삼성,3.33,31,4,2,11,8,2,0,0.579,668,159 2/3,135,17,74,3,59,67,59
성준,86470,1989,삼성,3.39,13,0,0,3,2,0,0,0.600,243,58 1/3,55,4,23,1,14,23,22
성준,86470,1990,삼성,2.25,12,0,0,3,1,1,0,0.750,145,36,32,2,13,0,19,10,9
성준,86470,1991,삼성,2.97,28,2,1,8,4,1,0,0.667,635,148 2/3,141,9,54,2,59,61,49
성준,86470,1992,삼성,3.99,21,6,1,8,6,0,0,0.571,541,124,120,15,57,4,65,57,55
성준,86470,1993,삼성,2.07,21,6,2,12,4,0,0,0.750,562,139,115,8,51,3,51,34,32
성준,86470,1994,삼성,3.43,26,3,1,14,8,0,0,0.636,636,152 1/3,130,9,62,6,46,66,58
성준,86470,1995,삼성,4.36,25,1,0,7,8,0,0,0.467,544,126,127,13,45,7,58,67,61
성준,86470,1996,삼성,3.96,16,0,0,3,3,0,0,0.500,229,50,52,4,31,4,36,22,22
성준,86470,1997,삼성,3.31,28,0,0,7,7,0,0,0.500,386,89 2/3,91,6,35,9,45,44,33
성준,86470,1998,삼성,4.87,17,0,0,1,1,0,0,0.500,183,40 2/3,48,4,22,1,16,22,22
성준,86470,1999,롯데,5.79,13,0,0,1,2,1,0,0.333,103,23 1/3,25,4,12,0,15,16,15
윤학길,86572,1986,롯데,2.76,25,0,0,1,2,2,0,0.333,366,88,91,6,22,0,40,34,27
윤학길,86572,1987,롯데,2.57,31,13,2,13,10,1,0,0.565,815,200,191,4,62,3,84,66,57
윤학길,86572,1988,롯데,3.15,35,17,3,18,10,3,0,0.643,967,234,241,9,53,5,123,89,82
윤학길,86572,1989,롯데,2.70,38,18,3,16,11,2,0,0.593,1013,250,221,12,68,5,141,92,75
윤학길,86572,1990,롯데,4.07,26,5,2,3,12,0,0,0.200,615,143 2/3,157,10,42,2,64,78,65
윤학길,86572,1991,롯데,3.25,34,11,3,17,12,0,0,0.586,828,205,182,8,60,2,99,80,74
윤학길,86572,1992,롯데,3.61,30,14,2,17,5,2,0,0.773,873,212,204,16,58,3,131,87,85
윤학길,86572,1993,롯데,3.01,28,12,4,12,12,0,0,0.500,836,203,212,8,42,5,92,68,68
윤학길,86572,1994,롯데,5.35,18,2,0,4,7,0,0,0.364,498,112 2/3,141,15,25,3,49,77,67
윤학길,86572,1995,롯데,3.28,24,6,1,12,8,0,0,0.600,633,159 1/3,148,9,31,9,71,68,58
윤학길,86572,1996,롯데,4.58,15,2,0,3,5,0,0,0.375,233,53,55,4,21,4,19,35,27
윤학길,86572,1997,롯데,12.00,4,0,0,1,0,0,0,1.000,21,3,8,2,3,0,3,6,4
김정수,86612,1986,해태,2.65,41,2,0,9,6,5,0,0.600,547,125 2/3,93,5,89,4,92,53,37
김정수,86612,1987,해태,4.37,23,2,0,6,7,0,0,0.462,357,80 1/3,59,4,57,4,78,48,39
김정수,86612,1988,해태,2.48,11,0,0,3,2,0,0,0.600,227,54 1/3,45,2,23,1,23,19,15
김정수,86612,1989,해태,2.67,9,1,0,2,2,0,0,0.500,228,54,47,0,24,2,39,18,16
김정수,86612,1990,해태,2.93,26,3,1,6,5,0,0,0.545,453,104 1/3,84,5,60,9,50,46,34
김정수,86612,1991,해태,2.54,22,1,1,6,3,2,0,0.667,350,88 2/3,59,4,33,4,52,25,25
김정수,86612,1992,해태,3.16,33,5,3,14,8,1,0,0.636,719,165 1/3,144,11,78,20,126,68,58
김정수,86612,1993,해태,2.75,30,0,0,10,8,1,0,0.556,539,127 2/3,102,11,50,20,96,47,39
김정수,86612,1994,해태,3.38,28,3,0,9,10,0,0,0.474,588,141,120,9,46,12,126,63,53
김정수,86612,1995,해태,3.89,26,0,0,7,11,0,0,0.389,452,108 2/3,90,10,40,9,94,49,47
김정수,86612,1996,해태,2.01,40,0,0,6,3,18,0,0.667,296,76,43,5,32,8,97,18,17
김정수,86612,1997,해태,4.02,41,0,0,5,3,4,0,0.625,344,80 2/3,71,11,32,9,79,39,36
김정수,86612,1998,해태,3.43,37,0,0,1,0,0,0,1.000,159,39 1/3,26,5,17,1,36,15,15
김정수,86612,1999,해태,4.58,48,0,0,4,1,1,0,0.800,149,35 1/3,30,5,13,5,43,19,18
김정수,86612,2000,SK,7.55,50,0,0,1,4,0,3,0.200,141,31,40,5,14,3,23,26,26
김정수,86612,2001,한화,3.71,52,0,0,2,2,1,10,0.500,192,43 2/3,36,6,19,5,45,24,18
김정수,86612,2002,한화,3.24,47,0,0,1,2,1,12,0.333,104,25,21,3,8,4,29,10,9
김정수,86612,2003,SK,4.15,36,0,0,0,0,0,8,-,62,13,18,0,6,3,3,6,6
조도연,86669,1984,해태  ,3.34,35,2,0,4,6,2,0,0.400,547,129 1/3,122,11,44,3,63,61,48
조도연,86669,1985,해태,3.71,36,1,0,4,6,2,0,0.400,522,123 2/3,131,10,35,5,46,56,51
조도연,86669,1987,해태,7.33,13,0,0,0,2,0,0,0.000,131,27,42,4,13,1,9,23,22
조도연,86669,1988,해태,3.72,6,0,0,0,1,0,0,0.000,41,9 2/3,8,0,8,2,2,4,4
조도연,86669,1989,태평양,27.00,1,0,0,0,0,0,0,-,3,1/3,0,0,2,0,0,1,1
차동철,86670,1986,해태,2.82,33,3,2,10,4,3,0,0.714,535,131,134,4,24,5,35,46,41
차동철,86670,1987,해태,3.16,35,7,2,9,11,0,0,0.450,653,159 2/3,157,8,39,5,49,65,56
차동철,86670,1988,해태,3.34,32,5,3,10,6,1,0,0.625,607,145 2/3,156,11,21,10,45,68,54
차동철,86670,1989,해태,4.28,14,0,0,0,4,0,0,0.000,182,40,47,0,20,3,8,22,19
차동철,86670,1990,LG,5.51,16,0,0,3,3,0,0,0.500,215,49,56,3,20,1,7,30,30
차동철,86670,1991,LG,14.73,2,0,0,0,0,0,0,-,22,3 2/3,9,1,1,1,0,6,6
차동철,86670,1992,LG,4.18,19,0,0,2,1,4,0,0.667,114,28,29,1,11,1,8,14,13
차동철,86670,1993,LG,3.20,32,0,0,5,4,4,0,0.556,232,59,52,5,15,1,28,21,21
차동철,86670,1994,LG,2.59,34,0,0,2,5,7,0,0.286,263,59,75,5,19,5,29,24,17
차동철,86670,1995,LG,2.80,46,0,0,4,2,4,0,0.667,226,54 2/3,52,1,15,1,23,24,17
차동철,86670,1996,LG,5.33,48,0,0,1,6,4,0,0.143,346,77 2/3,90,4,28,6,33,51,46
차동철,86670,1997,LG,14.73,11,0,0,0,0,0,0,-,60,11,22,4,3,3,0,19,18
강상진,86671,1986,해태,5.16,10,0,0,1,0,0,0,1.000,107,22 2/3,24,2,11,2,9,15,13
강상진,86671,1987,해태,6.40,13,1,0,0,4,0,0,0.000,207,45,49,2,32,3,13,34,32
강상진,86671,1988,해태,27.00,1,0,0,0,0,0,0,-,9,1,2,0,5,0,0,4,3
강상진,86671,1991,쌍방울,16.20,3,0,0,0,1,0,0,0.000,17,3 1/3,6,1,2,0,1,6,6
신동수,86672,1986,해태,8.53,9,0,0,0,1,0,0,0.000,87,19,27,2,5,0,9,19,18
신동수,86672,1987,해태,3.03,31,2,1,5,4,0,0,0.556,524,127 2/3,112,10,53,3,67,48,43
신동수,86672,1988,해태,2.43,22,2,1,5,2,1,0,0.714,338,81 1/3,87,6,19,2,40,25,22
신동수,86672,1989,해태,3.41,33,3,2,9,5,1,0,0.643,625,153,135,17,31,3,92,65,58
신동수,86672,1990,해태,4.09,42,3,1,5,8,3,0,0.385,602,143,140,15,47,2,56,71,65
신동수,86672,1991,해태,2.45,45,5,2,14,7,5,0,0.667,692,176 2/3,157,14,31,0,85,54,48
신동수,86672,1992,해태,4.46,35,0,0,13,9,0,0,0.591,597,137 1/3,157,17,40,4,65,72,68
신동수,86672,1993,해태,4.38,17,0,0,1,1,1,0,0.500,168,37,43,2,15,2,16,20,18
신동수,86672,1994,LG,5.59,11,0,0,0,0,0,0,-,40,9 2/3,11,1,2,1,2,6,6
신동수,86672,1995,LG,1.86,22,0,0,3,0,2,0,1.000,75,19 1/3,14,0,6,0,10,4,4
신동수,86672,1996,LG,3.73,46,0,0,0,2,1,0,0.000,175,41,32,3,23,2,22,19,17
신동수,86672,1997,LG,2.19,29,0,0,0,0,0,0,-,54,12 1/3,3,1,15,0,3,4,3
신동수,86672,1998,OB,36.00,1,0,0,0,0,0,0,-,9,1,5,2,1,0,0,4,4
이우상,86622,1986,청보,5.79,6,0,0,0,0,0,0,-,48,9 1/3,11,1,8,0,3,6,6
유해덕,86774,1989,빙그레,13.50,2,0,0,0,0,0,0,-,19,3 1/3,5,0,4,0,0,5,5
손문곤,86779,1986,빙그레,3.38,28,3,1,2,5,0,0,0.286,495,117,118,6,47,3,36,51,44
손문곤,86779,1987,빙그레,6.93,19,1,0,1,4,1,0,0.200,223,49 1/3,54,6,26,0,22,39,38
손문곤,86779,1988,빙그레,5.67,17,0,0,2,3,0,0,0.400,244,54,69,2,17,2,20,39,34
손문곤,86779,1989,빙그레,14.29,4,0,0,0,0,0,0,-,39,5 2/3,16,1,4,2,1,13,9
손문곤,86779,1991,쌍방울,11.02,16,0,0,0,3,0,0,0.000,167,32 2/3,45,5,30,4,12,41,40
손문곤,86779,1992,쌍방울,7.59,9,0,0,0,1,0,0,0.000,98,21 1/3,25,3,11,1,8,19,18
이상군,86722,1986,빙그레,2.63,35,19,4,12,17,1,0,0.414,972,243 1/3,216,17,43,11,104,88,71
이상군,86722,1987,빙그레,2.55,33,24,3,18,11,2,0,0.621,1006,246 2/3,233,13,52,10,85,83,70
이상군,86722,1988,빙그레,2.40,38,3,1,10,3,16,0,0.769,530,135,120,7,22,3,47,38,36
이상군,86722,1989,빙그레,2.57,27,7,1,16,5,3,0,0.762,577,140 1/3,138,9,36,2,74,45,40
이상군,86722,1990,빙그레,3.13,19,0,0,6,4,0,0,0.600,359,86 1/3,91,5,24,1,30,35,30
이상군,86722,1991,빙그레,4.54,9,0,0,3,2,0,0,0.600,168,37 2/3,36,2,19,2,20,25,19
이상군,86722,1992,빙그레,3.82,29,0,0,10,2,2,0,0.833,413,96 2/3,89,12,32,8,55,46,41
이상군,86722,1993,빙그레,2.52,29,5,1,7,7,3,0,0.500,530,128 1/3,115,5,42,7,51,41,36
이상군,86722,1994,한화,4.26,21,3,0,6,7,1,0,0.462,467,107 2/3,116,4,32,7,46,59,51
이상군,86722,1995,한화,4.73,21,1,0,6,8,1,0,0.429,427,97,106,11,38,5,43,56,51
이상군,86722,1996,한화,8.75,9,0,0,0,3,0,0,0.000,120,23 2/3,35,5,13,2,11,26,23
이상군,86722,1999,한화,4.42,30,0,0,5,5,1,0,0.500,239,57,59,6,14,2,38,34,28
이상군,86722,2000,한화,4.75,10,0,0,1,2,0,0,0.333,128,30 1/3,32,6,6,2,15,19,16
이상군,86722,2001,한화,7.71,10,0,0,0,1,0,1,0.000,39,7,10,2,8,0,3,6,6
한희민,86770,1986,빙그레,3.13,29,12,3,9,13,0,0,0.409,700,175 1/3,136,18,49,10,123,67,61
한희민,86770,1987,빙그레,2.36,30,14,3,13,8,4,0,0.619,798,206,156,7,44,4,116,64,54
한희민,86770,1988,빙그레,3.11,31,10,4,16,5,5,0,0.762,782,188,188,16,55,7,103,72,65
한희민,86770,1989,빙그레,2.50,30,8,3,16,4,6,0,0.800,701,176 2/3,130,16,55,6,74,52,49
한희민,86770,1990,빙그레,4.13,36,2,0,12,9,5,0,0.571,674,157,154,22,53,5,63,85,72
한희민,86770,1991,빙그레,3.83,27,1,0,8,6,1,0,0.571,491,115,111,10,41,5,55,52,49
한희민,86770,1992,빙그레,5.54,15,0,0,2,5,0,0,0.286,283,66 2/3,66,11,15,5,41,48,41
한희민,86770,1993,삼성,3.38,16,0,0,4,1,3,0,0.800,171,40,37,4,18,1,21,16,15
조호표,86799,1986,빙그레,18.00,2,0,0,0,0,0,0,-,40,7,18,5,2,0,1,15,14
김연철,86994,1986,빙그레,3.27,18,4,0,4,4,0,0,0.500,350,88,91,7,19,2,14,40,32
김연철,86994,1987,빙그레,4.96,20,2,0,1,7,0,0,0.125,330,74 1/3,99,6,19,5,19,46,41
김연철,86994,1988,빙그레,6.43,3,0,0,0,1,0,0,0.000,31,7,11,2,0,0,2,6,5
임재준,86778,1986,빙그레,5.27,10,0,0,0,0,0,0,-,114,27 1/3,24,6,11,0,15,17,16
임재준,86778,1987,빙그레,10.13,4,0,0,0,2,0,0,0.000,44,8,13,2,7,2,5,10,9
임재준,86778,1988,빙그레,0.00,2,0,0,0,0,0,0,-,12,3 2/3,0,0,0,0,2,0,0
임재준,86778,1989,빙그레,0.00,2,0,0,0,0,0,0,-,18,4,4,0,0,1,1,3,0
민문식,86995,1986,빙그레,5.06,8,0,0,1,2,0,0,0.333,70,16,16,3,8,0,5,10,9
민문식,86995,1987,빙그레,3.18,3,0,0,0,0,0,0,-,26,5 2/3,7,1,3,0,3,3,2
김대현,86993,1986,해태,4.36,18,0,0,0,2,0,0,0.000,231,53 2/3,55,5,17,2,20,28,26
김대현,86993,1987,해태,2.78,31,3,0,9,5,3,0,0.643,580,142 1/3,121,12,53,4,51,48,44
김대현,86993,1988,해태,4.54,31,3,0,7,6,2,0,0.538,585,136 2/3,136,15,44,8,47,72,69
김강익,86992,1987,OB,5.11,12,0,0,0,2,0,0,0.000,165,37,44,7,18,0,4,23,21
김강익,86992,1988,OB,5.28,6,0,0,0,1,0,0,0.000,63,15 1/3,15,4,5,0,3,9,9
김강익,86992,1989,OB,1.59,4,0,0,0,0,0,0,-,21,5 2/3,4,0,1,1,3,1,1
최창호,87340,1987,청보,7.56,8,0,0,0,1,0,0,0.000,79,16 2/3,21,1,11,0,7,14,14
최창호,87340,1988,태평양,8.10,3,0,0,0,1,0,0,0.000,29,6 2/3,6,1,4,0,3,6,6
최창호,87340,1989,태평양,2.22,38,11,1,10,14,2,0,0.417,916,223 1/3,169,6,114,3,191,65,55
최창호,87340,1990,태평양,3.20,40,5,1,9,9,5,0,0.500,824,196 2/3,162,13,93,1,158,86,70
최창호,87340,1991,태평양,2.93,45,9,1,15,11,3,0,0.577,954,233 1/3,196,20,89,3,163,82,76
최창호,87340,1992,태평양,3.87,19,1,0,3,9,2,0,0.250,427,97 2/3,92,13,56,1,70,53,42
최창호,87340,1993,태평양,2.99,24,7,1,7,12,0,0,0.368,661,162 1/3,134,11,54,1,104,66,54
최창호,87340,1994,태평양,4.09,27,3,1,12,11,1,0,0.522,631,147 1/3,141,6,59,5,84,74,67
최창호,87340,1995,태평양,7.24,8,0,0,0,4,0,0,0.000,132,27 1/3,30,9,20,0,11,24,22
최창호,87340,1996,현대,3.85,36,1,1,8,9,0,0,0.471,586,140 1/3,117,14,61,5,97,65,60
최창호,87340,1997,현대,5.24,48,0,0,7,10,1,0,0.412,467,110,102,16,36,3,67,70,64
최창호,87340,1998,LG,3.13,63,0,0,3,0,1,0,1.000,195,46,45,5,19,2,26,18,16
최창호,87340,1999,LG,5.81,50,0,0,1,2,0,0,0.333,122,26 1/3,29,5,19,1,24,17,17
최창호,87340,2000,LG,10.61,28,0,0,0,0,0,5,-,52,9 1/3,14,1,10,0,7,11,11
최창호,87340,2001,LG,5.86,54,0,0,2,1,0,6,0.667,161,35 1/3,43,6,11,1,25,27,23
최창호,87340,2002,LG,6.75,19,0,0,0,0,0,2,-,55,12,13,1,7,3,11,9,9
이척기,87420,1987,삼성,9.00,1,0,0,0,0,0,0,-,8,2,2,0,0,0,1,2,2
이척기,87420,1988,빙그레,3.86,4,0,0,0,0,0,0,-,11,2 1/3,3,0,2,0,1,1,1
이척기,87420,1989,빙그레,2.25,11,0,0,2,0,0,0,1.000,16,4,5,0,1,0,1,2,1
이척기,87420,1990,빙그레,0.00,2,0,0,0,0,0,0,-,4,2/3,1,0,1,0,1,0,0
최진영,87430,1987,삼성,4.50,1,0,0,0,1,0,0,0.000,10,2,2,0,2,0,0,1,1
최진영,87430,1988,삼성,3.38,1,0,0,0,0,0,0,-,12,2 2/3,5,0,1,0,1,2,1
김성길,87413,1987,삼성,3.19,11,1,0,0,1,3,0,0.000,133,31,31,2,7,2,13,13,11
김성길,87413,1988,삼성,2.80,38,2,1,8,4,6,0,0.667,615,151 1/3,150,10,31,5,62,51,47
김성길,87413,1989,삼성,2.81,34,12,4,14,11,2,0,0.560,956,233 2/3,219,15,63,8,98,77,73
김성길,87413,1990,삼성,3.79,33,6,2,13,6,3,0,0.684,700,166 1/3,168,21,53,8,51,78,70
김성길,87413,1991,삼성,3.30,52,3,0,16,12,18,0,0.571,760,188,164,18,59,5,94,71,69
김성길,87413,1992,삼성,5.14,17,1,0,1,7,1,0,0.125,311,70,73,11,27,6,30,47,40
김성길,87413,1993,쌍방울,3.93,26,0,0,2,5,6,0,0.286,371,84 2/3,94,7,30,4,40,44,37
이현택,87421,1988,삼성,6.00,6,0,0,0,0,0,0,-,45,9,12,0,9,0,6,6,6
이현택,87421,1989,삼성,0.00,1,0,0,0,0,0,0,-,4,1,1,0,0,0,0,0,0
장태수,87460,1987,삼성,4.66,26,0,0,1,1,2,0,0.500,280,63 2/3,75,2,26,2,16,34,33
장태수,87460,1988,삼성,5.97,15,0,0,1,4,0,0,0.200,175,37 2/3,41,4,24,0,7,29,25
장태수,87460,1989,롯데,5.79,16,0,0,0,1,0,0,0.000,146,32 2/3,40,4,13,5,10,23,21
장태수,87460,1990,롯데,10.38,8,0,0,0,0,0,0,-,41,8 2/3,16,2,1,0,0,10,10
김종석,87510,1987,롯데,4.22,13,1,1,1,4,0,0,0.200,192,42 2/3,48,3,20,2,16,22,20
김종석,87510,1988,롯데,4.75,20,0,0,0,5,0,0,0.000,249,55,62,2,29,3,23,35,29
김종석,87510,1990,롯데,5.09,15,0,0,0,2,0,0,0.000,78,17 2/3,21,3,10,0,8,10,10
김종석,87510,1991,롯데,3.76,18,2,1,2,6,1,0,0.250,268,64 2/3,59,4,26,2,29,28,27
김종석,87510,1992,롯데,5.17,25,1,0,2,6,0,0,0.250,352,76 2/3,102,11,35,2,29,48,44
김종석,87510,1993,롯데,7.56,5,0,0,1,0,0,0,1.000,36,8 1/3,12,0,0,1,3,7,7
송유석,87672,1987,해태,2.87,4,0,0,0,0,0,0,-,71,15 2/3,18,2,9,1,4,8,5
송유석,87672,1988,해태,3.52,3,0,0,1,0,0,0,1.000,62,15 1/3,16,0,6,0,5,6,6
송유석,87672,1989,해태,5.94,3,0,0,0,0,0,0,-,75,16 2/3,24,2,3,0,8,11,11
송유석,87672,1990,해태,3.77,34,0,0,2,1,2,0,0.667,412,98,90,3,45,8,62,46,41
송유석,87672,1991,해태,2.97,37,2,0,11,4,5,0,0.733,597,145 2/3,126,8,62,8,74,55,48
송유석,87672,1992,해태,5.60,37,1,0,4,10,4,0,0.286,542,117 1/3,146,12,52,6,59,84,73
송유석,87672,1993,해태,2.90,39,0,0,11,6,1,0,0.647,517,124 1/3,109,8,46,10,67,46,40
송유석,87672,1994,해태,3.40,41,0,0,10,8,7,0,0.556,502,116 1/3,121,4,44,10,57,50,44
송유석,87672,1995,해태,2.98,42,0,0,10,3,3,0,0.769,490,120 2/3,107,10,41,8,51,44,40
송유석,87672,1996,해태,4.29,31,0,0,2,1,3,0,0.667,319,71 1/3,74,6,27,15,32,38,34
송유석,87672,1997,LG,4.37,47,0,0,2,7,1,0,0.222,354,78 1/3,86,6,34,7,41,41,38
송유석,87672,1998,LG,2.97,55,0,0,3,3,3,0,0.500,375,91,92,7,20,10,44,32,30
송유석,87672,1999,LG,4.72,52,0,0,5,3,5,0,0.625,359,82,87,13,27,6,51,49,43
송유석,87672,2000,한화,5.34,38,0,0,1,4,2,2,0.200,312,64,70,8,42,14,21,48,38
송유석,87672,2001,한화,12.00,4,0,0,0,0,0,0,-,17,3,4,1,3,1,1,5,4
김대중,87710,1987,빙그레,4.16,13,3,0,2,6,0,0,0.250,317,75 2/3,63,6,27,6,31,39,35
김대중,87710,1988,빙그레,3.86,23,4,1,7,7,1,0,0.500,508,119,131,9,34,13,36,54,51
김대중,87710,1989,빙그레,3.76,25,0,0,7,2,0,0,0.778,395,93 1/3,94,7,32,4,41,48,39
김대중,87710,1990,빙그레,3.76,35,1,0,10,9,2,0,0.526,610,146,129,12,51,13,68,77,61
김대중,87710,1991,빙그레,3.34,32,0,0,8,6,1,0,0.571,458,105,92,9,38,14,58,51,39
김대중,87710,1992,빙그레,6.28,7,0,0,1,0,0,0,1.000,68,14 1/3,15,1,9,4,2,11,10
이동석,87720,1987,빙그레,6.37,13,1,0,1,2,0,0,0.333,175,35 1/3,51,6,20,2,6,34,25
이동석,87720,1988,빙그레,3.67,17,2,1,7,3,2,0,0.700,311,76,72,3,20,4,27,34,31
이동석,87720,1989,빙그레,6.39,24,0,0,2,4,1,0,0.333,317,69,83,7,31,4,23,54,49
이동석,87720,1990,빙그레,2.91,19,0,0,1,1,0,0,0.500,182,43 1/3,48,6,9,2,21,20,14
이동석,87720,1991,빙그레,3.36,20,0,0,0,2,4,0,0.000,245,59,46,4,26,8,30,23,22
이동석,87720,1992,쌍방울,8.22,23,0,0,1,4,0,0,0.200,222,46,63,9,23,3,21,44,42
이동석,87720,1993,쌍방울,4.91,7,0,0,0,0,0,0,-,69,14 2/3,15,2,14,1,2,8,8
이국성,88120,1988,MBC,4.20,20,2,0,2,1,0,0,0.667,242,55 2/3,53,6,33,1,30,27,26
이국성,88120,1989,MBC,4.51,42,1,0,4,10,2,0,0.286,542,121 2/3,124,5,60,7,71,68,61
이국성,88120,1990,LG,3.49,29,2,1,4,7,2,0,0.364,380,90 1/3,84,5,36,5,46,37,35
이국성,88120,1991,LG,5.89,19,0,0,1,4,0,0,0.200,249,55,67,8,22,0,24,39,36
이국성,88120,1992,LG,6.55,19,0,0,0,5,1,0,0.000,110,22,31,3,15,0,11,16,16
이국성,88120,1993,빙그레,4.04,26,1,0,4,3,0,0,0.571,366,89,84,9,23,1,45,46,40
이국성,88120,1994,한화,2.20,24,0,0,2,0,0,0,1.000,195,49,31,4,19,2,24,13,12
이국성,88120,1995,한화,13.50,8,0,0,0,1,0,0,0.000,42,8,17,3,5,0,2,12,12
이용철,88121,1988,MBC,2.81,29,6,0,7,11,0,0,0.389,610,144 1/3,138,5,55,7,46,63,45
이용철,88121,1989,MBC,5.44,29,1,0,7,7,0,0,0.500,544,120 2/3,151,12,41,9,35,82,73
이용철,88121,1990,LG,2.48,10,0,0,3,1,0,0,0.750,135,32 2/3,25,1,17,2,8,13,9
이용철,88121,1991,LG,6.39,23,0,0,2,7,0,0,0.222,378,81 2/3,99,11,33,10,38,66,58
이용철,88121,1992,LG,6.35,9,0,0,0,2,0,0,0.000,91,17,21,1,14,6,7,17,12
이용철,88121,1993,삼성,3.07,5,0,0,1,0,0,0,1.000,62,14 2/3,14,2,5,3,7,5,5
이용철,88121,1994,삼성,10.80,4,0,0,0,0,0,0,-,18,3 1/3,7,0,1,1,2,4,4
문병권,88170,1988,MBC,3.72,19,2,1,1,3,0,0,0.250,274,65 1/3,66,4,21,4,26,29,27
문병권,88170,1989,MBC,4.33,20,0,0,4,1,0,0,0.800,231,52,68,0,14,5,16,30,25
문병권,88170,1990,LG,3.72,27,6,1,10,5,0,0,0.667,572,138,142,5,36,12,45,60,57
문병권,88170,1991,LG,5.15,28,5,0,3,13,0,0,0.188,578,131,137,12,50,19,46,81,75
문병권,88170,1992,LG,5.13,32,0,0,6,7,2,0,0.462,460,100,110,8,53,8,45,65,57
문병권,88170,1993,LG,4.36,21,0,0,1,2,1,0,0.333,203,43 1/3,58,4,16,7,23,25,21
하창우,88273,1988,OB,6.61,5,1,0,0,1,0,0,0.000,70,16 1/3,22,1,3,1,2,13,12
하창우,88273,1989,OB,3.00,2,0,0,0,0,0,0,-,13,3,2,0,3,0,2,1,1
하창우,88273,1990,OB,11.57,2,0,0,0,0,0,0,-,13,2 1/3,3,0,2,1,2,3,3
하창우,88273,1991,OB,8.44,9,0,0,1,1,0,0,0.500,60,10 2/3,13,1,13,1,5,12,10
하창우,88273,1992,OB,3.12,7,0,0,0,1,0,0,0.000,108,26,18,2,14,0,19,9,9
하창우,88273,1993,OB,4.15,3,0,0,0,0,0,0,-,34,8 2/3,6,1,2,1,0,4,4
하창우,88273,1994,OB,7.27,2,0,0,0,2,0,0,0.000,40,8 2/3,9,0,7,0,3,7,7
김일부,88308,1988,태평양,4.38,23,0,0,2,4,2,0,0.333,312,72,70,10,34,7,39,38,35
박정현,88332,1988,태평양,7.71,6,0,0,0,1,0,0,0.000,86,18 2/3,25,4,8,2,8,17,16
박정현,88332,1989,태평양,2.15,38,17,4,19,10,2,0,0.655,970,242 2/3,183,5,86,9,116,64,58
박정현,88332,1990,태평양,2.63,35,9,2,13,7,7,0,0.650,782,191 2/3,177,7,55,8,66,66,56
박정현,88332,1991,태평양,3.47,30,13,1,10,12,2,0,0.455,781,184,190,11,66,6,47,82,71
박정현,88332,1992,태평양,3.69,33,8,0,13,7,6,0,0.650,705,165 2/3,154,12,72,12,85,75,68
박정현,88332,1994,태평양,4.54,11,0,0,2,3,0,0,0.400,172,37 2/3,43,2,12,3,15,25,19
박정현,88332,1995,태평양,7.71,1,0,0,0,0,0,0,-,21,4 2/3,4,0,5,0,2,4,4
박정현,88332,1996,현대,6.89,8,0,0,0,0,0,0,-,80,15 2/3,18,2,13,2,9,13,12
박정현,88332,1997,현대,6.39,13,0,0,0,0,0,0,-,111,25 1/3,26,4,10,6,19,19,18
박정현,88332,1998,쌍방울,2.22,9,0,0,2,1,1,0,0.667,101,24 1/3,21,3,9,3,13,7,6
박정현,88332,1999,쌍방울,3.92,37,1,0,5,11,3,0,0.313,545,124,110,10,60,9,56,61,54
박정현,88332,2000,SK,5.75,32,0,0,1,2,0,0,0.333,275,56 1/3,75,7,33,5,24,39,36
이상구,88320,1988,태평양,5.07,31,0,0,4,6,1,0,0.400,355,87,77,3,32,1,49,53,49
이상구,88320,1989,태평양,3.60,3,0,0,0,0,1,0,-,21,5,3,0,2,0,1,5,2
이상구,88320,1990,태평양,5.09,11,0,0,0,1,0,0,0.000,85,17 2/3,27,1,11,2,6,13,10
이상구,88320,1991,태평양,8.07,18,0,0,0,3,0,0,0.000,152,32 1/3,23,1,39,1,25,31,29
박상범,88330,1988,태평양,7.09,10,2,0,1,1,0,0,0.500,142,33,41,4,5,2,20,26,26
박상범,88330,1989,태평양,4.91,8,0,0,1,1,1,0,0.500,68,14 2/3,17,1,9,1,4,10,8
박상범,88330,1990,태평양,5.59,12,0,0,1,3,0,0,0.250,180,38 2/3,43,5,24,1,22,24,24
박상범,88330,1992,태평양,11.25,1,0,0,0,0,0,0,-,21,4,10,2,1,0,3,5,5
박상범,88330,1993,태평양,5.50,16,1,0,0,4,0,0,0.000,232,52 1/3,61,4,19,3,26,35,32
박상범,88330,1994,태평양,0.00,1,0,0,0,0,0,0,-,7,2,0,0,2,0,0,0,0
강규성,88275,1989,OB,3.86,3,0,0,0,0,0,0,-,32,7,7,1,5,0,1,3,3
강규성,88275,1990,OB,4.65,12,0,0,1,3,0,0,0.250,216,50 1/3,44,2,37,0,22,27,26
강규성,88275,1994,OB,4.50,1,0,0,0,0,0,0,-,8,2,1,1,1,0,1,1,1
신완근,88371,1988,태평양,3.95,37,1,0,2,9,3,0,0.182,585,139,141,8,44,3,73,71,61
신완근,88371,1989,태평양,3.66,17,0,0,2,1,0,0,0.667,188,46 2/3,41,3,13,3,14,21,19
신완근,88371,1990,태평양,5.93,16,0,0,1,1,0,0,0.500,142,30 1/3,32,2,23,2,16,22,20
신완근,88371,1991,태평양,5.79,6,0,0,0,0,0,0,-,42,9 1/3,12,1,5,0,3,8,6
신완근,88371,1992,태평양,4.24,17,1,0,0,3,0,0,0.000,284,63 2/3,71,7,21,5,20,34,30
신완근,88371,1993,태평양,4.44,19,0,0,0,2,0,0,0.000,225,52 2/3,67,6,17,0,19,26,26
김응국,88510,1988,롯데,5.03,8,0,0,0,0,0,0,-,92,19 2/3,24,1,13,2,6,11,11
김응국,88510,1989,롯데,6.75,6,0,0,0,0,0,0,-,12,2 2/3,4,1,1,0,0,2,2
서정용,88572,1988,롯데,3.06,14,1,0,3,3,1,0,0.500,203,47,45,4,21,3,16,18,16
서정용,88572,1989,롯데,2.67,15,5,0,5,5,0,0,0.500,352,87 2/3,74,4,32,2,28,33,26
서정용,88572,1990,롯데,4.50,7,0,0,0,2,0,0,0.000,88,22,17,2,8,0,5,11,11
서정용,88572,1991,롯데,4.14,15,1,0,1,1,0,0,0.500,178,41 1/3,46,1,12,2,13,27,19
이주헌,88420,1989,삼성,13.50,3,0,0,0,1,0,0,0.000,34,6,11,2,4,1,4,10,9
정용생,88478,1988,삼성,7.71,10,0,0,0,3,0,0,0.000,129,28,38,3,17,1,7,25,24
정윤수,88450,1988,삼성,7.06,8,0,0,0,3,1,0,0.000,100,21 2/3,27,3,10,2,10,17,17
정윤수,88450,1989,삼성,7.34,22,0,0,2,1,0,0,0.667,183,38,51,4,24,0,20,36,31
정윤수,88450,1990,삼성,3.91,41,0,0,7,5,5,0,0.583,572,129,137,10,70,6,71,70,56
정윤수,88450,1991,삼성,5.02,37,0,0,1,2,2,0,0.333,360,80 2/3,100,4,34,4,37,48,45
정윤수,88450,1992,삼성,10.13,6,0,0,0,0,0,0,-,55,10 2/3,19,2,5,1,6,12,12
정윤수,88450,1993,삼성,4.50,2,0,0,0,0,0,0,-,9,2,2,0,1,0,1,1,1
홍성연,88470,1988,삼성,6.66,13,2,0,3,1,0,0,0.750,243,52 2/3,71,2,19,3,12,42,39
홍성연,88470,1989,삼성,5.15,27,0,0,3,7,1,0,0.300,396,92 2/3,81,11,37,5,32,57,53
홍성연,88470,1990,삼성,4.75,24,0,0,1,1,5,0,0.500,263,60 2/3,68,8,20,3,28,33,32
홍성연,88470,1991,삼성,7.43,7,0,0,0,0,1,0,-,64,13 1/3,21,2,3,0,11,11,11
구명근,88570,1988,롯데,9.00,2,0,0,0,0,0,0,-,29,5,12,1,2,0,1,5,5
구명근,88570,1989,롯데,6.39,10,0,0,1,1,0,0,0.500,114,25 1/3,29,1,11,2,17,24,18
장정순,88750,1988,빙그레,5.01,13,0,0,1,1,2,0,0.500,147,32 1/3,35,4,15,4,16,21,18
장정순,88750,1989,빙그레,3.16,20,0,0,1,1,2,0,0.500,205,51 1/3,45,2,19,0,36,19,18
장정순,88750,1990,빙그레,2.14,20,0,0,1,1,2,0,0.500,237,59,43,5,29,1,45,15,14
장정순,88750,1991,빙그레,2.95,32,3,0,10,7,3,0,0.588,520,128,98,8,56,3,76,55,42
장정순,88750,1992,빙그레,3.07,29,3,1,14,7,2,0,0.667,666,155 1/3,159,12,48,5,77,64,53
장정순,88750,1993,빙그레,4.40,22,4,0,5,7,1,0,0.417,482,114 2/3,107,15,39,4,71,61,56
장정순,88750,1994,한화,3.60,5,0,0,1,1,0,0,0.500,63,15,13,1,6,1,12,6,6
장정순,88750,1996,삼성,3.63,28,0,0,3,7,4,0,0.300,284,67,60,6,26,5,52,30,27
장정순,88750,1997,삼성,4.97,7,0,0,1,0,0,0,1.000,55,12 2/3,15,4,5,0,9,7,7
김홍명,88711,1988,빙그레,4.27,24,7,1,8,13,0,0,0.381,656,151 2/3,158,8,72,4,61,75,72
김홍명,88711,1989,빙그레,4.01,23,5,0,6,8,0,0,0.429,552,125 2/3,119,7,63,6,78,65,56
김홍명,88711,1990,빙그레,3.38,34,0,0,8,3,0,0,0.727,493,112,106,5,64,1,49,54,42
김홍명,88711,1991,빙그레,5.86,19,0,0,3,3,0,0,0.500,269,55 1/3,76,4,32,4,34,42,36
김홍명,88711,1992,빙그레,6.34,19,0,0,5,4,0,0,0.556,275,61,69,7,32,0,30,47,43
안성수,88751,1988,빙그레,13.50,1,0,0,0,1,0,0,0.000,13,2,5,0,2,0,0,3,3
김기범,89111,1989,MBC,4.69,30,2,0,7,8,0,0,0.467,451,103 2/3,101,7,52,1,42,61,54
김기범,89111,1990,LG,2.81,23,1,0,5,5,0,0,0.500,266,64,52,6,26,1,27,26,20
김기범,89111,1991,LG,2.95,36,4,2,12,9,3,0,0.571,696,164 2/3,155,8,62,5,104,65,54
김기범,89111,1992,LG,2.98,28,7,1,8,6,3,0,0.571,603,145,130,6,50,3,92,57,48
김기범,89111,1993,LG,2.60,27,2,1,9,9,0,0,0.500,639,156,133,10,53,8,93,51,45
김기범,89111,1994,LG,4.86,20,0,0,3,3,0,0,0.500,266,63,68,3,21,4,33,37,34
김기범,89111,1995,LG,2.86,27,1,0,13,7,0,0,0.650,658,160 2/3,137,9,52,9,87,59,51
김기범,89111,1996,LG,4.28,21,2,0,4,10,0,0,0.286,448,103,97,7,55,5,62,55,49
김기범,89111,1997,LG,5.92,54,0,0,1,2,0,0,0.333,173,38,38,4,22,3,28,29,25
김기범,89111,1998,LG,5.20,76,0,0,0,2,1,0,0.000,170,36 1/3,43,3,16,3,28,25,21
김기범,89111,1999,LG,5.06,49,0,0,0,0,1,0,-,101,21 1/3,28,4,9,2,19,13,12
지성규,88774,1988,빙그레,3.95,5,0,0,0,0,0,0,-,61,13 2/3,14,1,8,0,4,6,6
지성규,88774,1989,빙그레,2.89,9,0,0,0,1,0,0,0.000,42,9 1/3,11,0,3,0,1,7,3
지성규,88774,1990,빙그레,10.13,3,0,0,0,0,0,0,-,12,2 2/3,3,1,1,0,1,3,3
한용덕,88770,1988,빙그레,3.10,12,0,0,2,1,0,0,0.667,168,40 2/3,39,9,21,0,16,15,14
한용덕,88770,1989,빙그레,3.22,23,0,0,2,2,1,0,0.500,283,67,64,5,25,4,47,25,24
한용덕,88770,1990,빙그레,2.53,38,3,1,13,9,3,0,0.591,706,171,147,10,58,7,100,59,48
한용덕,88770,1991,빙그레,2.23,31,12,4,17,6,2,0,0.739,799,201 2/3,164,10,47,9,123,59,50
한용덕,88770,1992,빙그레,2.99,29,9,2,9,11,3,0,0.450,750,186 1/3,144,16,52,13,122,69,62
한용덕,88770,1993,빙그레,2.98,27,12,3,10,11,5,0,0.476,687,172 1/3,143,13,26,10,112,61,57
한용덕,88770,1994,한화,3.25,27,4,1,16,8,0,0,0.667,713,177 1/3,168,22,29,4,105,71,64
한용덕,88770,1995,한화,3.29,26,9,3,8,13,0,0,0.381,745,180 1/3,162,13,41,10,121,72,66
한용덕,88770,1996,한화,4.37,21,3,1,8,8,1,0,0.500,468,111 1/3,111,13,22,7,57,59,54
한용덕,88770,1997,한화,4.16,25,2,0,1,8,1,0,0.111,383,93,89,10,21,4,61,45,43
한용덕,88770,1998,한화,2.26,56,0,0,7,3,4,0,0.700,518,131 2/3,104,9,29,9,96,38,33
한용덕,88770,1999,한화,7.47,23,1,0,2,7,1,0,0.222,428,90 1/3,123,21,31,8,51,83,75
한용덕,88770,2000,한화,4.68,38,3,0,7,13,0,4,0.350,566,130 2/3,133,17,39,11,85,81,68
한용덕,88770,2001,한화,3.56,31,2,1,8,10,0,2,0.444,611,144,150,14,33,7,112,65,57
한용덕,88770,2002,한화,4.94,33,0,0,8,7,2,1,0.533,486,116 2/3,116,17,21,9,86,68,64
한용덕,88770,2003,한화,4.91,32,0,0,2,1,1,3,0.667,238,55,59,5,9,5,42,31,30
한용덕,88770,2004,한화,9.00,10,0,0,0,0,0,1,-,52,10,17,2,2,2,8,13,10
김덕근,89110,1989,MBC,5.61,15,0,0,2,3,0,0,0.400,200,43 1/3,49,3,25,1,28,32,27
김덕근,89110,1990,LG,4.91,9,0,0,0,0,0,0,-,123,29 1/3,25,0,17,2,19,19,16
김덕근,89110,1991,LG,3.00,11,0,0,1,1,0,0,0.500,181,42,32,2,27,4,16,18,14
김덕근,89110,1992,LG,5.85,8,0,0,0,1,0,0,0.000,89,20,19,2,11,2,11,14,13
전태건,89173,1991,LG,2.77,3,0,0,0,0,1,0,-,52,13,10,2,3,1,5,5,4
한명수,89170,1989,MBC,0.56,5,0,0,2,0,0,0,1.000,58,16,11,0,4,1,1,2,1
한명수,89170,1990,LG,4.05,3,0,0,0,0,0,0,-,34,6 2/3,6,0,7,1,0,4,3
김동현,89211,1989,OB,3.84,33,0,0,3,4,3,0,0.429,297,72 2/3,66,3,27,5,32,34,31
김동현,89211,1990,OB,4.52,40,2,0,7,7,3,0,0.500,544,125 1/3,118,19,53,10,61,67,63
김동현,89211,1991,OB,3.67,37,5,2,10,10,3,0,0.500,640,154 2/3,142,9,43,7,61,72,63
김동현,89211,1992,OB,4.01,4,0,0,1,1,0,0,0.500,103,24 2/3,27,1,4,2,19,12,11
김동현,89211,1993,OB,0.00,2,0,0,0,0,0,0,-,13,3,3,0,0,0,2,0,0
배현우,89174,1991,LG,2.35,3,0,0,1,1,0,0,0.500,36,7 2/3,7,0,5,2,7,2,2
김보선,89212,1990,OB,4.62,8,0,0,0,4,0,0,0.000,175,39,36,2,30,1,17,22,20
김보선,89212,1991,OB,6.30,6,0,0,1,1,0,0,0.500,53,10,10,1,13,0,2,10,7
김보선,89212,1992,OB,5.99,23,0,0,3,4,2,0,0.429,336,73 2/3,96,5,32,3,30,50,49
홍길남,89271,1989,OB,4.15,3,0,0,0,0,0,0,-,17,4 1/3,1,1,3,0,2,2,2
홍길남,89271,1990,OB,4.75,17,0,0,1,3,0,0,0.250,162,36,39,5,18,2,19,22,19
홍길남,89271,1991,OB,8.61,7,0,0,0,1,0,0,0.000,110,23,26,1,17,2,15,22,22
홍길남,89271,1992,OB,11.12,4,0,0,0,1,0,0,0.000,29,5 2/3,6,2,6,1,2,7,7
홍길남,89271,1994,OB,5.19,4,0,0,0,0,0,0,-,39,8 2/3,8,0,6,0,7,5,5
홍길남,89271,1995,OB,6.64,10,0,0,0,2,1,0,0.000,96,20 1/3,22,0,13,1,13,16,15
홍길남,89271,1996,OB,5.19,8,0,0,0,0,0,0,-,35,8 2/3,10,1,1,0,4,5,5
홍길남,89271,1997,OB,18.00,1,0,0,0,0,0,0,-,7,1,2,0,2,0,0,2,2
이진,89220,1989,OB,4.27,39,0,0,7,4,2,0,0.636,440,97,86,4,76,1,81,50,46
이진,89220,1990,OB,5.40,21,0,0,1,4,0,0,0.200,186,38 1/3,38,2,34,6,25,36,23
이진,89220,1992,OB,4.45,12,0,0,2,0,0,0,1.000,132,30 1/3,26,4,18,0,15,17,15
이진,89220,1993,OB,10.13,10,0,0,0,2,0,0,0.000,98,18 2/3,18,1,22,5,10,22,21
김형균,89269,1989,OB,3.77,14,0,0,2,1,0,0,0.667,181,43,39,4,20,0,14,18,18
김형균,89269,1990,OB,9.58,6,0,0,0,0,0,0,-,52,10 1/3,17,3,5,1,7,11,11
김형균,89269,1991,OB,3.09,7,0,0,0,0,0,0,-,89,23 1/3,16,4,5,1,12,8,8
김진규,89230,1989,OB,3.18,36,1,0,3,3,2,0,0.500,383,87 2/3,75,4,59,1,60,36,31
김진규,89230,1990,OB,4.18,22,1,0,0,3,0,0,0.000,254,56,51,5,43,4,31,31,26
김진규,89230,1991,OB,4.27,39,3,0,5,11,2,0,0.313,634,147 2/3,133,13,75,7,78,73,70
김진규,89230,1992,OB,7.90,8,0,0,1,2,0,0,0.333,69,13 2/3,17,2,13,1,8,12,12
구동우,89270,1989,OB,2.48,34,1,0,4,3,5,0,0.571,428,105 1/3,91,7,31,4,46,31,29
구동우,89270,1990,OB,3.43,36,7,2,9,9,2,0,0.500,647,155,158,9,49,8,56,64,59
구동우,89270,1991,OB,5.92,29,1,0,3,9,3,0,0.250,405,89 2/3,107,13,38,3,32,64,59
구동우,89270,1992,OB,5.77,26,0,0,0,7,0,0,0.000,238,53,43,7,34,10,31,34,34
구동우,89270,1993,OB,5.23,18,0,0,1,2,0,0,0.333,141,32 2/3,35,2,8,2,14,21,19
구동우,89270,1994,OB,8.10,3,0,0,0,0,0,0,-,16,3 1/3,7,0,0,0,3,4,3
정명원,89351,1989,태평양,2.45,38,2,1,11,4,6,0,0.733,571,139 1/3,126,4,46,3,68,60,38
정명원,89351,1990,태평양,7.57,15,0,0,2,4,2,0,0.333,137,27 1/3,44,3,13,3,11,28,23
정명원,89351,1991,태평양,2.32,49,1,1,12,6,14,0,0.667,521,132,103,3,36,4,60,41,34
정명원,89351,1992,태평양,3.52,7,2,1,3,1,0,0,0.750,160,38 1/3,38,4,14,0,20,15,15
정명원,89351,1993,태평양,1.50,2,0,0,0,1,0,0,0.000,25,6,4,0,1,0,3,1,1
정명원,89351,1994,태평양,1.36,50,0,0,4,2,40,0,0.667,401,105 2/3,77,2,22,0,74,16,16
정명원,89351,1995,태평양,1.75,52,0,0,9,7,19,0,0.563,396,103,68,1,23,3,59,25,20
정명원,89351,1996,현대,1.58,53,0,0,8,5,26,0,0.615,388,97,64,3,40,5,59,24,17
정명원,89351,1997,현대,3.50,55,1,0,2,10,28,0,0.167,461,115 2/3,101,11,20,6,71,46,45
정명원,89351,1998,현대,1.86,28,5,3,14,8,0,0,0.636,742,184,141,7,60,5,123,59,38
정명원,89351,1999,현대,4.06,30,0,0,5,4,7,0,0.556,372,84 1/3,92,11,34,2,52,40,38
정명원,89351,2000,현대,3.98,16,0,0,5,2,0,0,0.714,267,61,75,2,21,4,34,35,27
박은진,89330,1989,태평양,3.34,23,0,0,4,3,0,0,0.571,249,59 1/3,62,5,19,1,31,22,22
박은진,89330,1990,태평양,2.03,33,2,0,6,7,9,0,0.462,415,102,88,2,36,3,42,27,23
박은진,89330,1991,태평양,4.00,32,5,2,6,7,0,0,0.462,552,128 1/3,120,9,61,3,74,65,57
박은진,89330,1992,태평양,2.71,46,5,0,10,7,14,0,0.588,724,172 2/3,155,7,65,4,114,56,52
박은진,89330,1993,태평양,2.63,31,0,0,1,8,10,0,0.111,363,85 2/3,80,3,37,2,50,28,25
박은진,89330,1994,태평양,4.14,26,0,0,5,5,5,0,0.500,328,76,81,3,24,5,46,36,35
박은진,89330,1995,태평양,4.43,12,0,0,0,2,1,0,0.000,96,22 1/3,28,0,2,1,5,13,11
박은진,89330,1996,한화,12.27,1,0,0,0,0,0,0,-,18,3 2/3,9,0,1,0,2,5,5
정명진,89350,1989,태평양,27.00,2,0,0,0,0,0,0,-,7,1,3,0,1,0,1,3,3
정명진,89350,1990,태평양,5.66,23,0,0,0,6,1,0,0.000,254,55 2/3,66,4,25,3,31,35,35
정명진,89350,1991,태평양,10.32,6,0,0,0,3,0,0,0.000,59,11 1/3,17,4,5,4,5,15,13
정명진,89350,1992,태평양,12.00,2,0,0,0,0,0,0,-,15,3,5,2,0,0,1,5,4
노민승,89370,1989,태평양,7.71,5,0,0,0,0,0,0,-,43,9 1/3,12,2,4,0,3,8,8
노민승,89370,1990,태평양,2.45,5,0,0,0,0,0,0,-,43,11,8,0,0,0,4,4,3
박정은,89431,1989,삼성,0.00,2,0,0,0,0,0,0,-,8,2,2,0,0,0,1,1,0
김상엽,89410,1989,삼성,4.40,24,0,0,2,5,0,0,0.286,280,57 1/3,58,3,57,2,31,37,28
김상엽,89410,1990,삼성,2.81,44,3,0,12,6,18,0,0.667,661,160 1/3,114,12,79,11,110,60,50
김상엽,89410,1991,삼성,4.62,36,1,0,6,6,7,0,0.500,449,99 1/3,87,10,67,6,62,60,51
김상엽,89410,1992,삼성,4.19,41,5,1,8,12,15,0,0.400,602,144,125,9,71,4,103,71,67
김상엽,89410,1993,삼성,2.58,36,6,3,13,6,8,0,0.684,750,181 1/3,150,8,76,6,170,64,52
김상엽,89410,1994,삼성,4.74,7,0,0,2,2,0,0,0.500,111,24 2/3,23,3,16,1,21,13,13
김상엽,89410,1995,삼성,2.30,27,9,2,17,7,0,0,0.708,772,191 2/3,140,12,63,12,132,53,49
김상엽,89410,1996,삼성,3.86,8,0,0,3,1,1,0,0.750,92,21,11,2,15,3,22,9,9
김상엽,89410,1997,삼성,3.35,25,0,0,12,6,0,0,0.667,621,150 2/3,128,12,62,11,82,59,56
김상엽,89410,1998,삼성,5.40,8,0,0,3,3,0,0,0.500,170,36 2/3,38,5,17,6,17,24,22
김상엽,89410,2000,LG,10.80,2,0,0,0,2,0,0,0.000,35,6 2/3,12,1,6,0,2,8,8
박용준,89430,1989,삼성,9.00,1,1,0,0,1,0,0,0.000,37,8,9,1,6,0,2,8,8
박용준,89430,1990,삼성,4.15,11,0,0,0,0,0,0,-,100,21 2/3,28,3,10,1,7,14,10
박용준,89430,1991,삼성,4.70,29,2,0,6,9,2,0,0.400,430,95 2/3,107,8,44,2,27,55,50
박용준,89430,1992,삼성,5.61,27,0,0,0,2,0,0,0.000,294,61,79,7,43,2,32,41,38
박용준,89430,1993,삼성,3.10,23,0,0,1,4,2,0,0.200,250,58,56,2,28,2,26,29,20
박용준,89430,1994,삼성,1.93,11,0,0,0,0,0,0,-,76,18 2/3,15,2,6,0,7,6,4
허정욱,89371,1989,태평양,1.04,5,0,0,1,1,0,0,0.500,36,8 2/3,7,0,6,0,3,1,1
허정욱,89371,1990,태평양,3.29,20,1,0,7,2,0,0,0.778,285,65 2/3,58,3,40,1,43,32,24
허정욱,89371,1991,태평양,5.69,16,1,0,2,9,0,0,0.182,275,61 2/3,59,9,38,2,25,45,39
조진구,89397,1989,OB,4.34,10,0,0,0,1,0,0,0.000,74,18 2/3,19,2,6,2,6,9,9
송광훈,89471,1989,삼성,10.59,9,0,0,1,1,0,0,0.500,87,17,22,0,18,2,15,20,20
송광훈,89471,1990,삼성,9.19,7,0,0,0,2,0,0,0.000,79,15 2/3,20,2,18,1,5,17,16
김청수,89511,1989,롯데,3.38,38,10,2,7,15,5,0,0.318,853,210 1/3,189,12,54,4,114,82,79
김청수,89511,1990,롯데,3.82,38,6,1,11,12,2,0,0.478,596,146,137,14,25,9,53,69,62
김청수,89511,1991,롯데,3.83,28,6,0,10,10,1,0,0.500,677,166 2/3,145,20,47,12,83,74,71
김청수,89511,1992,롯데,5.23,14,0,0,3,1,0,0,0.750,180,41 1/3,43,5,12,3,12,26,24
김청수,89511,1993,롯데,13.50,1,0,0,0,0,0,0,-,9,2,2,1,1,0,0,3,3
김청수,89511,1994,롯데,135.00,1,0,0,0,0,0,0,-,6,1/3,5,0,0,0,0,5,5
유명선,89470,1989,삼성,3.85,34,8,2,14,8,1,0,0.636,727,170 2/3,152,6,87,6,102,83,73
유명선,89470,1990,삼성,4.53,25,6,0,9,8,1,0,0.529,643,147,137,16,90,3,78,80,74
유명선,89470,1991,삼성,3.18,27,3,1,11,4,4,0,0.733,533,127 1/3,97,14,74,3,84,49,45
유명선,89470,1992,삼성,4.29,16,3,1,8,3,0,0,0.727,411,92 1/3,81,12,61,4,58,50,44
유명선,89470,1993,삼성,3.56,22,4,1,6,5,2,0,0.545,435,103 2/3,90,14,48,2,68,48,41
유명선,89470,1994,삼성,4.26,13,0,0,2,5,4,0,0.286,162,38,42,4,12,0,19,19,18
유명선,89470,1995,쌍방울,6.36,25,0,0,1,4,0,0,0.200,273,58,71,7,35,2,34,42,41
유명선,89470,1996,쌍방울,8.10,3,0,0,1,1,0,0,0.500,30,6 2/3,6,0,4,0,4,6,6
이상번,89520,1989,롯데,4.82,26,0,0,2,5,1,0,0.286,318,71,68,2,45,5,27,42,38
이상번,89520,1990,롯데,1.69,5,0,0,2,0,0,0,1.000,61,16,10,0,3,1,11,3,3
이상번,89520,1992,롯데,3.89,20,0,0,0,1,0,0,0.000,176,41 2/3,32,3,26,2,24,18,18
이상번,89520,1993,롯데,2.64,23,1,0,1,2,0,0,0.333,314,75,57,6,36,3,36,29,22
이상번,89520,1994,롯데,6.54,24,0,0,3,3,0,0,0.500,238,52 1/3,58,11,32,2,17,39,38
이상번,89520,1995,롯데,4.91,8,0,0,0,0,0,0,-,69,14 2/3,17,2,11,0,4,8,8
이상번,89520,1996,롯데,6.34,18,0,0,1,2,0,0,0.333,188,44,45,9,17,2,20,31,31
이상번,89520,1997,롯데,4.15,11,0,0,0,0,0,0,-,53,13,10,1,4,1,11,6,6
서호진,89570,1989,롯데,3.75,32,1,0,8,11,2,0,0.421,486,117 2/3,115,5,42,7,45,53,49
서호진,89570,1990,롯데,3.92,38,0,0,1,5,8,0,0.167,365,87 1/3,77,9,31,6,33,44,38
서호진,89570,1991,롯데,7.61,12,0,0,0,0,2,0,-,113,23 2/3,30,3,12,1,12,22,20
서호진,89570,1993,롯데,3.12,22,0,0,2,2,2,0,0.500,182,43 1/3,48,4,11,2,6,16,15
윤동배,89573,1989,롯데,5.40,3,0,0,1,0,0,0,1.000,32,8 1/3,6,1,1,0,5,5,5
윤동배,89573,1990,롯데,6.03,30,1,0,3,4,0,0,0.429,367,77 2/3,88,5,50,7,32,60,52
윤동배,89573,1991,롯데,6.92,18,0,0,0,1,0,0,0.000,190,40 1/3,45,1,31,2,14,33,31
윤동배,89573,1993,롯데,13.50,1,0,0,0,0,0,0,-,12,2,5,0,1,0,0,3,3
윤동배,89573,1994,롯데,8.37,12,0,0,2,3,0,0,0.400,162,33 1/3,41,4,25,2,13,31,31
윤동배,89573,1995,롯데,2.22,8,0,0,2,1,0,0,0.667,124,28 1/3,28,0,14,1,10,8,7
윤동배,89573,1996,롯데,0.00,4,0,0,0,0,0,0,-,25,4 2/3,6,0,6,0,1,7,0
이광우,89621,1989,해태,4.52,22,0,0,5,4,1,0,0.556,331,75 2/3,81,6,32,3,22,40,38
이광우,89621,1990,해태,5.91,20,0,0,2,5,0,0,0.286,255,56 1/3,75,9,13,6,27,41,37
이광우,89621,1991,해태,6.16,16,1,1,1,3,2,0,0.250,164,38,48,3,6,1,10,27,26
이광우,89621,1992,OB,4.51,31,1,1,7,6,6,0,0.538,433,101 2/3,106,8,35,4,40,56,51
이광우,89621,1993,OB,2.96,32,1,1,7,6,2,0,0.538,500,124 2/3,126,5,21,4,51,47,41
이광우,89621,1994,OB,2.29,23,1,1,8,4,1,0,0.667,332,82 2/3,77,5,19,1,32,25,21
이광우,89621,1995,OB,12.00,6,0,0,0,2,0,0,0.000,66,12,26,2,3,2,7,16,16
이광우,89621,1996,OB,5.06,17,0,0,1,8,0,0,0.111,227,53 1/3,62,6,12,3,19,33,30
이광우,89621,1997,OB,4.54,29,1,0,8,7,2,0,0.533,506,119,124,8,27,10,86,65,60
이광우,89621,1998,OB,4.33,28,2,0,5,6,0,0,0.455,412,99 2/3,101,14,23,3,43,52,48
이광우,89621,1999,두산,5.43,32,0,0,9,8,0,0,0.529,488,112 2/3,135,22,28,5,66,70,68
이광우,89621,2000,두산,3.70,29,2,1,11,3,1,0,0.786,629,150 2/3,169,18,30,6,76,72,62
이광우,89621,2001,두산,5.40,29,0,0,2,3,0,0,0.400,264,58 1/3,70,9,25,7,22,35,35
이광우,89621,2002,LG,11.81,4,0,0,0,0,0,0,-,27,5 1/3,9,3,1,1,3,7,7
이강철,89620,1989,해태,3.23,36,8,3,15,8,5,0,0.652,801,195 1/3,153,13,76,9,138,74,70
이강철,89620,1990,해태,3.14,44,10,1,16,10,5,0,0.615,894,220 2/3,163,24,84,9,165,84,77
이강철,89620,1991,해태,3.19,36,11,2,15,11,3,0,0.577,849,214 2/3,158,20,54,15,193,87,76
이강철,89620,1992,해태,3.44,33,12,2,18,9,0,0,0.667,899,217 1/3,179,29,71,16,156,88,83
이강철,89620,1993,해태,3.04,31,2,1,10,10,1,0,0.500,638,154,113,9,65,13,131,60,52
이강철,89620,1994,해태,3.64,33,5,1,12,15,1,0,0.444,811,185 2/3,150,19,105,17,140,86,75
이강철,89620,1995,해태,3.24,29,4,2,10,10,1,0,0.500,635,150,127,15,53,18,126,60,54
이강철,89620,1996,해태,2.46,28,5,2,10,9,1,0,0.526,611,153 2/3,114,11,47,13,119,43,42
이강철,89620,1997,해태,2.99,30,5,2,11,3,2,0,0.786,667,162 2/3,130,14,60,15,128,63,54
이강철,89620,1998,해태,3.11,31,3,2,15,11,0,0,0.577,754,179 1/3,165,18,47,18,160,70,62
이강철,89620,2000,삼성,7.30,14,0,0,1,4,0,0,0.200,173,37,45,8,17,5,20,33,30
이강철,89620,2001,KIA,6.91,27,0,0,2,3,1,1,0.400,251,56,59,9,20,11,50,43,43
이강철,89620,2002,KIA,3.17,66,0,0,5,2,17,8,0.714,441,105,82,12,36,10,97,41,37
이강철,89620,2003,KIA,1.98,67,0,0,6,4,9,14,0.600,273,68 1/3,42,7,23,8,57,21,15
이강철,89620,2004,KIA,2.95,79,0,0,6,2,7,7,0.750,354,85 1/3,68,9,31,8,56,29,28
이강철,89620,2005,KIA,3.20,18,0,0,0,1,0,3,0.000,85,19 2/3,23,1,8,4,15,7,7
조계현,89670,1989,해태,2.84,31,7,0,7,9,4,0,0.438,730,174,153,3,68,5,97,64,55
조계현,89670,1990,해태,3.28,30,10,5,14,13,0,0,0.519,746,178 1/3,144,8,78,3,130,73,65
조계현,89670,1991,해태,3.25,21,1,0,9,9,0,0,0.500,529,130 1/3,100,6,46,8,75,50,47
조계현,89670,1992,해태,2.94,37,3,1,10,6,12,0,0.625,632,156,123,13,54,5,98,64,51
조계현,89670,1993,해태,2.15,28,10,4,17,6,1,0,0.739,760,196 1/3,141,8,51,7,118,54,47
조계현,89670,1994,해태,2.61,27,14,5,18,5,0,0,0.783,843,210,171,12,62,6,135,69,61
조계현,89670,1995,해태,1.71,19,4,0,9,6,0,0,0.600,490,126,97,2,37,6,59,28,24
조계현,89670,1996,해태,2.07,27,11,3,16,7,0,0,0.696,746,191 2/3,145,12,45,7,116,51,44
조계현,89670,1997,해태,3.71,25,2,1,8,9,0,0,0.471,486,114,111,11,29,7,71,64,47
조계현,89670,1998,삼성,5.21,29,2,0,8,11,0,0,0.421,678,150 1/3,171,19,64,12,94,99,87
조계현,89670,1999,삼성,11.51,12,0,0,0,3,0,0,0.000,110,20 1/3,36,5,12,3,16,27,26
조계현,89670,2000,두산,3.74,16,0,0,7,3,0,0,0.700,370,89,81,7,26,5,53,40,37
조계현,89670,2001,두산,5.28,18,0,0,3,5,0,0,0.375,382,87,99,7,33,5,38,53,51
정동해,89651,1989,해태,-,2,0,0,0,1,0,0,0.000,4,0,0,0,4,0,0,3,2
강태원,89672,1989,해태,8.74,7,1,0,0,3,0,0,0.000,104,22 2/3,32,5,7,1,13,22,22
강태원,89672,1990,해태,7.32,17,0,0,1,0,0,0,1.000,162,35 2/3,45,7,10,2,11,33,29
강태원,89672,1991,해태,7.41,14,0,0,0,0,0,0,-,94,17,34,3,8,3,14,18,14
강태원,89672,1992,해태,11.74,8,0,0,0,0,0,0,-,39,7 2/3,15,3,3,0,8,10,10
강태원,89672,1993,해태,3.72,21,0,0,2,1,1,0,0.667,201,46,47,6,17,0,17,23,19
강태원,89672,1994,해태,3.42,29,2,0,3,4,0,0,0.429,333,81 2/3,72,2,21,6,44,33,31
강태원,89672,1995,해태,2.49,44,0,0,4,3,2,0,0.571,363,86 2/3,81,6,24,6,62,32,24
강태원,89672,1996,해태,2.78,40,0,0,4,3,0,0,0.571,329,81,70,4,27,2,58,32,25
강태원,89672,1997,해태,3.20,41,0,0,1,3,2,0,0.250,282,70 1/3,56,7,28,3,40,28,25
강태원,89672,1998,해태,7.40,28,0,0,1,0,1,0,1.000,114,24 1/3,31,5,8,2,12,21,20
강태원,89672,1999,해태,6.39,41,0,0,0,2,0,0,0.000,139,31,37,9,8,7,23,23,22
강태원,89672,2000,해태,4.36,50,0,0,0,2,0,6,0.000,137,33,29,6,14,2,38,18,16
강태원,89672,2001,KIA,8.71,15,0,0,0,3,0,0,0.000,50,10 1/3,14,3,6,2,8,10,10
유창균,89673,1989,해태,13.50,1,0,0,0,0,0,0,-,12,2,6,1,0,0,1,3,3
김락기,89710,1989,빙그레,2.67,31,1,0,8,3,2,0,0.727,436,108,85,6,43,6,38,37,32
김락기,89710,1990,빙그레,5.71,34,0,0,6,6,1,0,0.500,493,110 1/3,124,19,53,4,54,74,70
김락기,89710,1991,빙그레,0.00,1,0,0,0,0,0,0,-,4,1,1,0,0,0,1,0,0
김락기,89710,1992,빙그레,9.00,1,0,0,0,0,0,0,-,5,1,1,0,1,1,0,1,1
김락기,89710,1993,빙그레,1.69,3,0,0,0,0,0,0,-,27,5 1/3,7,0,2,1,1,2,1
이은승,89720,1989,빙그레,40.50,1,0,0,0,1,0,0,0.000,7,2/3,3,0,2,0,1,5,3
이은승,89720,1990,빙그레,27.00,1,0,0,0,0,0,0,-,4,1/3,2,2,0,0,0,3,1
이은승,89720,1991,빙그레,3.12,4,0,0,0,0,1,0,-,36,8 2/3,8,0,2,0,3,4,3
이은승,89720,1992,빙그레,0.00,2,0,0,0,0,0,0,-,6,1 2/3,2,0,0,0,0,0,0
이은승,89720,1993,빙그레,3.98,13,0,0,0,1,0,0,0.000,143,31 2/3,34,1,12,2,26,18,14
이은승,89720,1994,한화,13.50,2,0,0,0,0,0,0,-,23,4,10,2,1,0,4,6,6
이은승,89720,1995,한화,9.90,5,0,0,0,0,0,0,-,54,10,19,2,6,1,8,12,11
이은승,89720,1996,한화,8.68,8,0,0,0,0,0,0,-,49,9 1/3,11,1,9,3,6,10,9
이은승,89720,1997,한화,4.50,4,0,0,0,0,0,0,-,26,6,7,0,1,1,2,4,3
진정필,89771,1989,빙그레,5.49,25,0,0,2,5,2,0,0.286,259,59,59,8,26,3,23,36,36
진정필,89771,1990,빙그레,4.22,13,0,0,0,1,0,0,0.000,130,32,25,5,12,2,18,16,15
진정필,89771,1991,빙그레,3.76,29,0,0,4,2,2,0,0.667,357,83 2/3,84,6,30,2,31,43,35
진정필,89771,1992,빙그레,3.76,18,0,0,1,2,1,0,0.333,179,40 2/3,47,3,12,3,10,21,17
진정필,89771,1993,빙그레,3.43,35,0,0,9,8,3,0,0.529,640,149 2/3,155,9,50,8,67,65,57
진정필,89771,1994,한화,3.79,17,0,0,3,4,0,0,0.429,322,76,85,9,20,3,23,38,32
진정필,89771,1995,한화,47.25,2,0,0,0,1,0,0,0.000,11,1 1/3,5,2,2,0,2,7,7
손창현,89772,1989,빙그레,6.75,1,0,0,0,0,0,0,-,14,2 2/3,5,0,1,0,1,3,2
원근호,89773,1990,빙그레,2.45,4,0,0,0,0,0,0,-,14,3 2/3,4,0,1,0,0,1,1
정종헌,89784,1989,롯데,18.00,1,0,0,0,0,0,0,-,11,2,4,2,1,0,0,4,4
송진우,89770,1989,빙그레,2.81,35,5,2,9,10,9,0,0.474,659,156 2/3,116,7,88,5,97,57,49
송진우,89770,1990,빙그레,1.82,50,0,0,11,7,27,0,0.611,503,128 1/3,80,2,54,0,102,29,26
송진우,89770,1991,빙그레,2.78,36,11,1,11,10,11,0,0.524,747,184 1/3,143,13,65,7,126,67,57
송진우,89770,1992,빙그레,3.25,48,4,1,19,8,17,0,0.704,815,191 1/3,157,17,97,4,130,79,69
송진우,89770,1993,빙그레,3.72,25,0,0,7,7,8,0,0.500,313,72 2/3,64,8,32,3,53,40,30
송진우,89770,1994,한화,3.92,33,3,0,9,10,10,0,0.474,580,133,119,10,59,5,90,76,58
송진우,89770,1995,한화,3.20,26,7,1,13,8,0,0,0.619,781,183,165,11,75,4,121,78,65
송진우,89770,1996,한화,3.25,31,5,0,15,9,0,0,0.625,885,213,185,18,84,10,160,80,77
송진우,89770,1997,한화,4.60,27,5,1,6,12,0,0,0.333,636,146 2/3,156,17,49,12,73,85,75
송진우,89770,1998,한화,4.79,24,1,0,6,10,0,0,0.375,498,114 2/3,125,19,43,3,72,66,61
송진우,89770,1999,한화,4.00,35,8,2,15,5,6,0,0.750,792,186 2/3,180,24,61,3,132,99,83
송진우,89770,2000,한화,3.40,28,2,1,13,2,4,1,0.867,574,135,121,19,56,5,105,60,51
송진우,89770,2001,한화,3.84,37,1,0,10,8,2,0,0.556,814,185 1/3,181,20,86,9,139,99,79
송진우,89770,2002,한화,2.99,31,8,1,18,7,0,0,0.720,905,220,199,16,54,11,165,82,73
송진우,89770,2003,한화,3.12,42,1,0,9,7,7,2,0.563,534,129 2/3,111,9,40,6,93,48,45
송진우,89770,2004,한화,3.61,28,1,0,11,8,1,0,0.579,729,172,162,19,44,7,100,73,69
송진우,89770,2005,한화,3.81,23,1,1,11,7,0,0,0.611,551,127 2/3,126,13,42,7,88,61,54
송진우,89770,2006,한화,3.60,26,0,0,8,8,0,0,0.500,624,147 1/3,147,10,47,9,94,64,59
송진우,89770,2007,한화,4.54,42,0,0,2,2,1,10,0.500,150,35 2/3,34,5,10,1,29,19,18
송진우,89770,2008,한화,4.48,31,1,0,6,8,0,2,0.429,582,132 2/3,141,13,62,6,73,72,66
송진우,89770,2009,한화,7.36,14,0,0,1,0,0,2,1.000,36,7 1/3,7,2,7,0,6,7,6
구대진,90003,1991,쌍방울,2.84,7,0,0,0,1,0,0,0.000,50,12 2/3,9,1,6,0,0,4,4
정인조,90001,1991,쌍방울,14.54,2,0,0,0,0,0,0,-,22,4 1/3,10,5,1,0,3,7,7
김석기,90004,1992,쌍방울,4.40,37,0,0,3,6,3,0,0.333,447,102 1/3,94,13,56,4,37,62,50
김석기,90004,1993,쌍방울,3.70,26,2,0,5,11,0,0,0.313,593,136 1/3,141,7,53,6,63,62,56
김석기,90004,1994,쌍방울,5.46,27,0,0,3,7,0,0,0.300,389,85 2/3,100,11,42,3,40,60,52
김석기,90004,1995,쌍방울,5.16,24,2,1,3,11,1,0,0.214,440,99 1/3,104,8,51,7,48,61,57
김석기,90004,1996,쌍방울,4.81,12,0,0,1,1,0,0,0.500,110,24 1/3,26,2,11,2,11,13,13
김석기,90004,1997,쌍방울,13.50,2,0,0,0,0,0,0,-,10,1 1/3,5,1,1,0,1,2,2
김기완,90002,1991,쌍방울,3.86,9,0,0,0,0,0,0,-,87,18 2/3,18,2,12,0,6,9,8
최한림,90013,1991,쌍방울,9.22,6,0,0,0,2,0,0,0.000,70,13 2/3,23,0,7,3,6,16,14
최한림,90013,1992,쌍방울,4.61,39,1,1,2,9,1,0,0.182,463,107 1/3,106,12,49,7,51,64,55
최한림,90013,1993,쌍방울,3.92,30,2,1,5,12,0,0,0.294,664,156,142,16,74,5,92,75,68
최한림,90013,1994,쌍방울,6.71,27,0,0,3,7,1,0,0.300,301,63,80,8,39,11,41,50,47
최한림,90013,1995,삼성,3.99,26,0,0,1,2,0,0,0.333,212,47 1/3,51,2,21,2,14,25,21
최한림,90013,1996,삼성,4.76,23,1,0,2,1,0,0,0.667,221,51,51,7,20,5,25,27,27
최한림,90013,1997,삼성,5.06,12,0,0,1,0,0,0,1.000,62,16,8,2,4,2,5,11,9
박종철,90012,1991,쌍방울,5.03,22,0,0,0,0,0,0,-,169,39 1/3,44,7,13,3,12,25,22
박종철,90012,1992,삼성,0.00,1,0,0,0,0,0,0,-,6,1 1/3,1,0,0,0,1,0,0
박종철,90012,1994,삼성,0.00,2,0,0,0,0,0,0,-,6,2,0,0,0,1,0,0,0
박종철,90012,1995,삼성,13.50,2,0,0,0,0,0,0,-,10,2,2,0,1,1,0,3,3
권영구,90211,1990,OB,7.20,6,0,0,0,1,0,0,0.000,28,5,11,0,0,1,3,8,4
손병희,90220,1990,OB,1.93,5,0,0,0,0,0,0,-,39,9 1/3,6,0,8,0,3,2,2
손병희,90220,1991,OB,3.51,13,0,0,0,0,0,0,-,212,48 2/3,50,5,28,2,19,20,19
김만조,90210,1992,OB,0.00,1,0,0,0,0,0,0,-,4,1,0,0,1,0,0,0,0
김만조,90210,1993,OB,7.71,1,0,0,0,0,0,0,-,12,2 1/3,3,1,2,0,0,2,2
김상진,90213,1991,OB,3.74,32,3,1,10,6,1,0,0.625,632,151 2/3,136,10,66,6,65,74,63
김상진,90213,1992,OB,3.58,33,9,1,11,13,1,0,0.458,716,168 2/3,131,11,89,6,96,79,67
김상진,90213,1993,OB,3.07,33,7,2,11,11,0,0,0.500,768,187 1/3,156,6,56,7,142,75,64
김상진,90213,1994,OB,2.37,34,9,2,14,10,7,0,0.583,785,194,170,4,47,5,148,64,51
김상진,90213,1995,OB,2.11,27,13,8,17,7,0,0,0.708,827,209,174,6,44,8,159,58,49
김상진,90213,1996,OB,3.64,22,2,0,5,7,3,0,0.417,397,94,81,6,39,5,83,48,38
김상진,90213,1997,OB,3.30,24,2,1,12,9,0,0,0.571,560,136 1/3,122,8,47,4,108,59,50
김상진,90213,1998,OB,3.81,27,3,2,8,8,0,0,0.500,612,141 2/3,149,13,40,11,97,71,60
김상진,90213,1999,삼성,4.67,31,0,0,12,7,0,0,0.632,777,179 1/3,195,22,59,5,136,104,93
김상진,90213,2000,삼성,3.84,22,2,0,12,6,0,1,0.667,382,89,91,8,31,6,63,43,38
김상진,90213,2001,삼성,7.04,16,0,0,2,3,2,0,0.400,149,30 2/3,39,5,21,3,15,26,24
김상진,90213,2002,SK,4.71,32,0,0,6,5,0,2,0.545,505,116 2/3,122,21,29,6,95,62,61
김상진,90213,2003,SK,4.53,26,0,0,2,8,0,2,0.200,387,89 1/3,90,7,28,11,30,51,45
조정수,90261,1990,OB,4.85,9,0,0,0,1,0,0,0.000,130,29 2/3,28,1,17,2,10,16,16
조정수,90261,1991,OB,2.57,4,0,0,0,0,0,0,-,28,7,4,2,3,1,0,3,2
김민태,90311,1991,태평양,5.00,26,0,0,0,3,0,0,0.000,332,75 2/3,70,7,41,2,58,44,42
김민태,90311,1992,태평양,5.40,23,0,0,1,3,0,0,0.250,339,76 2/3,85,14,33,6,49,46,46
김민태,90311,1993,태평양,6.87,9,0,0,0,1,0,0,0.000,88,18 1/3,23,0,13,0,11,15,14
김민태,90311,1994,태평양,-,1,0,0,0,1,0,0,0.000,4,0,3,0,1,0,0,4,4
김민태,90311,1995,한화,5.60,25,0,0,0,3,0,0,0.000,246,53,62,6,23,7,27,35,33
김민태,90311,1996,한화,3.53,28,0,0,0,0,0,0,-,196,43 1/3,50,7,14,3,28,25,17
김민태,90311,1997,한화,16.20,1,0,0,0,0,0,0,-,18,3 1/3,7,2,1,0,1,6,6
김민태,90311,1998,한화,5.58,26,0,0,0,0,0,0,-,135,30 2/3,33,1,8,2,19,24,19
가내영,90312,1991,태평양,2.25,3,0,0,0,0,0,0,-,16,4,3,1,1,0,3,1,1
가내영,90312,1992,태평양,5.47,20,1,0,7,9,0,0,0.438,474,107,128,10,47,4,49,69,65
가내영,90312,1993,태평양,3.36,25,5,0,7,6,3,0,0.538,521,128 2/3,111,9,34,3,57,51,48
가내영,90312,1994,태평양,5.03,11,0,0,1,0,0,0,1.000,154,34,44,3,8,1,15,21,19
가내영,90312,1995,태평양,5.01,23,3,1,4,7,0,0,0.364,415,97,109,11,23,1,55,59,54
가내영,90312,1996,현대,3.38,44,0,0,8,6,6,0,0.571,538,133 1/3,111,10,31,10,93,59,50
가내영,90312,1997,현대,5.92,36,0,0,4,0,0,0,1.000,298,65 1/3,80,11,22,3,38,46,43
가내영,90312,1998,쌍방울,4.24,20,0,0,1,3,1,0,0.250,162,40 1/3,36,4,8,4,18,20,19
가내영,90312,1999,쌍방울,5.66,57,0,0,0,10,4,0,0.000,529,116,130,19,48,14,82,78,73
가내영,90312,2000,SK,7.48,15,0,0,0,0,0,0,-,101,21 2/3,32,7,4,1,16,18,18
가내영,90312,2001,KIA,5.93,20,0,0,1,2,1,0,0.333,185,41,46,8,17,3,24,32,27
가내영,90312,2002,KIA,2.52,13,0,0,1,0,0,1,1.000,115,25,32,2,8,2,18,11,7
가내영,90312,2003,KIA,7.71,4,0,0,0,0,0,0,-,22,4 2/3,7,0,0,1,3,4,4
김력,90310,1990,태평양,1.29,4,0,0,0,1,0,0,0.000,56,14,12,0,3,0,5,2,2
김력,90310,1991,태평양,2.08,3,0,0,0,0,0,0,-,21,4 1/3,4,0,3,0,1,2,1
김력,90310,1993,롯데,54.00,1,0,0,0,0,0,0,-,5,1/3,2,0,1,0,0,2,2
권준헌,90315,2000,현대,10.13,3,0,0,0,0,0,0,-,30,5 1/3,10,2,1,1,4,8,6
권준헌,90315,2001,현대,3.43,32,0,0,2,2,0,4,0.500,186,44 2/3,39,4,15,1,29,18,17
권준헌,90315,2002,현대,3.05,39,0,0,5,2,1,12,0.714,267,62,69,4,16,1,44,22,21
권준헌,90315,2003,현대,3.19,66,0,0,8,4,9,10,0.667,378,93,85,9,23,4,67,37,33
권준헌,90315,2004,한화,2.11,35,0,0,1,1,17,1,0.500,170,42 2/3,34,2,13,0,24,10,10
권준헌,90315,2006,한화,5.10,37,0,0,1,1,1,12,0.500,175,42 1/3,41,5,12,0,32,24,24
권준헌,90315,2007,한화,1.98,23,0,0,2,1,1,1,0.667,111,27 1/3,24,4,8,1,17,8,6
권준헌,90315,2008,한화,3.86,3,0,0,0,0,0,0,-,10,2 1/3,3,0,0,0,1,1,1
조영상,90351,1990,태평양,4.30,8,0,0,1,2,0,0,0.333,69,14 2/3,13,0,11,0,6,9,7
조영상,90351,1991,태평양,6.44,21,0,0,3,2,0,0,0.600,283,58 2/3,65,8,33,13,42,43,42
조영상,90351,1992,태평양,10.59,15,0,0,0,3,0,0,0.000,139,26 1/3,40,8,17,3,19,33,31
조영상,90351,1993,OB,5.40,8,0,0,0,0,0,0,-,80,16 2/3,18,2,11,2,8,14,10
조웅천,90350,1990,태평양,6.00,2,0,0,0,0,0,0,-,14,3,2,1,3,0,2,2,2
조웅천,90350,1991,태평양,7.20,4,0,0,0,0,0,0,-,47,10,15,1,1,2,2,9,8
조웅천,90350,1993,태평양,4.29,11,0,0,0,5,0,0,0.000,180,42,39,2,12,7,16,22,20
조웅천,90350,1994,태평양,6.60,8,0,0,0,0,0,0,-,68,15,18,3,4,1,10,13,11
조웅천,90350,1995,태평양,2.57,29,1,0,2,2,0,0,0.500,339,80 2/3,71,10,27,9,63,27,23
조웅천,90350,1996,현대,2.11,68,0,0,6,5,3,0,0.545,368,94,63,3,29,7,76,26,22
조웅천,90350,1997,현대,2.84,55,0,0,7,2,4,0,0.778,372,92,73,6,32,4,64,32,29
조웅천,90350,1998,현대,3.51,52,0,0,3,1,1,0,0.750,214,51 1/3,55,9,14,3,41,23,20
조웅천,90350,1999,현대,3.43,51,0,0,1,1,1,0,0.500,193,44 2/3,48,4,5,3,48,23,17
조웅천,90350,2000,현대,3.05,74,0,0,8,6,8,16,0.571,378,94 1/3,77,9,20,6,99,34,32
조웅천,90350,2001,SK,5.63,59,0,0,2,5,12,9,0.286,358,76 2/3,96,9,25,6,77,50,48
조웅천,90350,2002,SK,3.27,56,0,0,9,5,6,5,0.643,327,82 2/3,70,8,21,1,63,31,30
조웅천,90350,2003,SK,1.97,65,0,0,6,5,30,2,0.545,316,77 2/3,70,7,19,4,75,18,17
조웅천,90350,2004,SK,3.08,55,0,0,6,6,9,10,0.500,344,79,79,5,26,4,85,34,27
조웅천,90350,2005,SK,3.28,52,0,0,5,4,10,6,0.556,246,60 1/3,53,4,15,5,56,22,22
조웅천,90350,2006,SK,4.69,51,0,0,6,2,1,11,0.750,273,63 1/3,81,10,10,1,46,38,33
조웅천,90350,2007,SK,1.57,64,0,0,2,3,9,16,0.400,287,74 2/3,55,4,17,1,59,14,13
조웅천,90350,2008,SK,2.68,52,0,0,1,2,4,13,0.333,193,47,44,5,15,1,33,19,14
조웅천,90350,2009,SK,4.15,5,0,0,0,0,0,1,-,17,4 1/3,3,0,1,0,5,2,2
김성준,90416,1992,LG,0.00,1,0,0,0,0,0,0,-,6,1,1,0,1,0,0,1,0
김종철,90413,1990,LG,6.48,5,0,0,0,0,0,0,-,42,8 1/3,12,2,5,1,7,6,6
김종철,90413,1991,LG,6.23,4,0,0,0,0,0,0,-,46,8 2/3,13,2,6,3,4,6,6
김종철,90413,1992,LG,3.29,23,0,0,3,0,0,0,1.000,222,52,50,4,18,6,17,22,19
김종철,90413,1993,LG,6.23,2,0,0,0,0,0,0,-,21,4 1/3,8,2,1,1,1,4,3
강민기,90510,1990,롯데,8.16,9,0,0,0,1,0,0,0.000,72,14 1/3,21,5,12,0,5,15,13
최우석,90490,1991,LG,3.00,2,0,0,0,0,0,0,-,15,3,4,0,2,0,1,2,1
이지환,90521,1990,롯데,8.00,7,0,0,0,1,0,0,0.000,82,18,20,5,11,0,4,16,16
이지환,90521,1991,롯데,1.80,2,0,0,0,0,0,0,-,18,5,2,1,1,0,4,1,1
김창기,90512,1990,롯데,-,1,0,0,0,0,0,0,-,2,0,0,0,2,0,0,0,0
김도형,90511,1990,롯데,5.87,11,0,0,0,2,0,0,0.000,104,23,28,3,8,0,9,16,15
김도형,90511,1991,롯데,4.50,4,0,0,1,0,1,0,1.000,46,10,13,2,1,1,5,7,5
박동희,90532,1990,롯데,3.04,31,3,1,10,7,7,0,0.588,629,145,101,3,114,3,146,55,49
박동희,90532,1991,롯데,2.47,30,10,1,14,9,3,0,0.609,768,189 2/3,132,4,96,8,152,65,52
박동희,90532,1992,롯데,4.13,17,6,0,7,4,1,0,0.636,426,98,98,6,52,2,67,46,45
박동희,90532,1993,롯데,3.79,19,4,4,6,11,1,0,0.353,382,90 1/3,82,5,37,2,59,43,38
박동희,90532,1994,롯데,3.01,46,0,0,6,5,31,0,0.545,306,74 2/3,67,3,20,1,61,25,25
박동희,90532,1995,롯데,1.50,34,0,0,5,3,14,0,0.625,231,60,34,1,24,0,41,12,10
박동희,90532,1996,롯데,3.88,13,2,0,4,5,1,0,0.444,301,69 2/3,64,6,34,4,34,36,30
박동희,90532,1997,삼성,0.00,1,0,0,0,0,0,0,-,3,1,0,0,0,0,1,0,0
박동희,90532,1998,삼성,6.86,16,0,0,1,3,0,0,0.250,183,39 1/3,51,8,21,0,29,31,30
박동희,90532,1999,삼성,11.25,7,0,0,0,1,0,0,0.000,62,12,20,3,6,1,16,15,15
박동희,90532,2000,삼성,5.49,19,1,1,4,0,0,0,1.000,267,57 1/3,66,6,31,6,37,40,35
박동희,90532,2001,삼성,6.15,18,0,0,2,2,0,0,0.500,208,45 1/3,54,10,22,0,22,37,31
김형택,90615,1992,해태,4.50,8,0,0,0,0,1,0,-,58,14,16,3,1,0,2,7,7
강대성,90613,1990,해태,4.91,7,0,0,0,0,0,0,-,49,11,10,0,6,1,2,6,6
강대성,90613,1991,해태,0.00,1,0,0,0,0,0,0,-,5,1,2,0,0,0,0,0,0
강대성,90613,1994,해태,16.62,2,0,0,0,0,0,0,-,24,4 1/3,11,2,0,1,2,8,8
강대성,90613,1995,해태,0.00,1,0,0,0,0,0,0,-,3,1,0,0,0,0,0,0,0
서정필,90670,1990,해태,8.10,3,0,0,0,0,0,0,-,16,3 1/3,2,0,3,1,0,3,3
최태영,90685,1990,해태,12.00,1,0,0,0,0,0,0,-,16,3,5,1,2,0,1,4,4
최향남,90687,1990,해태,15.19,5,0,0,0,1,0,0,0.000,33,5 1/3,10,2,6,1,3,10,9
최향남,90687,1995,해태,3.86,19,0,0,0,5,0,0,0.000,287,67 2/3,54,9,36,3,54,35,29
최향남,90687,1996,해태,4.88,17,0,0,1,0,0,0,1.000,137,31 1/3,35,5,13,3,30,17,17
최향남,90687,1997,LG,2.99,23,1,1,8,3,0,0,0.727,498,120 1/3,112,7,41,7,74,47,40
최향남,90687,1998,LG,3.63,28,2,1,12,12,0,0,0.500,721,173 1/3,144,14,50,10,111,80,70
최향남,90687,1999,LG,4.26,15,0,0,8,5,0,0,0.615,390,93,78,9,35,8,87,45,44
최향남,90687,2000,LG,3.46,21,2,0,4,7,5,0,0.364,343,78,79,6,28,6,80,34,30
최향남,90687,2001,LG,6.75,3,0,0,0,1,0,1,0.000,36,8,7,2,5,2,5,6,6
최향남,90687,2002,LG,4.46,23,0,0,7,9,0,0,0.438,476,109,95,16,58,8,75,62,54
최향남,90687,2004,KIA,3.57,16,0,0,2,1,0,0,0.667,198,45 1/3,40,1,20,7,37,20,18
최향남,90687,2005,KIA,4.10,12,0,0,2,5,1,0,0.286,184,41 2/3,39,5,20,4,31,20,19
최향남,90687,2007,롯데,5.00,24,0,0,5,12,0,0,0.294,547,122 1/3,139,13,39,10,66,74,68
최향남,90687,2008,롯데,3.58,37,0,0,2,4,9,3,0.333,196,50 1/3,36,6,14,1,48,20,20
최향남,90687,2012,KIA,3.98,24,0,0,1,3,9,2,0.250,85,20 1/3,19,0,6,1,20,10,9
최향남,90687,2013,KIA,4.45,26,0,0,2,2,0,8,0.500,125,30 1/3,28,2,8,1,24,16,15
이효봉,90759,1990,빙그레,4.22,7,0,0,0,0,0,0,-,55,10 2/3,14,2,9,1,5,10,5
김인철,90811,1990,삼성,0.00,3,0,0,0,0,0,0,-,11,3 2/3,2,0,0,1,1,0,0
김인철,90811,1991,삼성,7.91,16,0,0,1,1,0,0,0.500,152,33,41,7,20,3,17,30,29
김인철,90811,1992,삼성,4.20,28,1,0,8,7,1,0,0.533,581,128 2/3,98,10,104,8,88,73,60
김인철,90811,1994,삼성,5.02,13,0,0,0,2,2,0,0.000,129,28 2/3,35,1,14,2,16,17,16
김인철,90811,1995,삼성,4.91,21,1,0,1,5,0,0,0.167,277,62 1/3,59,5,29,8,23,41,34
김인철,90811,1996,삼성,4.01,21,1,0,5,7,1,0,0.417,371,83,85,5,44,12,26,42,37
김인철,90811,1997,삼성,3.44,15,0,0,0,0,1,0,-,145,34,30,3,18,5,11,16,13
이태일,90850,1990,삼성,3.50,22,3,1,13,6,0,0,0.684,463,113,95,4,35,8,45,48,44
이태일,90850,1991,삼성,4.64,31,3,2,10,10,3,0,0.500,530,126,137,18,28,3,31,68,65
이태일,90850,1992,삼성,2.86,27,5,2,13,7,1,0,0.650,625,154,140,7,43,4,52,60,49
이태일,90850,1993,삼성,3.97,16,0,0,4,3,0,0,0.571,306,70 1/3,68,4,28,7,25,32,31
이태일,90850,1994,삼성,3.38,21,2,1,6,10,0,0,0.375,535,128,120,6,36,6,60,56,48
이태일,90850,1996,삼성,6.50,12,0,0,2,3,0,0,0.400,215,45 2/3,62,8,15,7,17,34,33
이상훈,90851,1990,삼성,9.56,4,0,0,0,2,0,0,0.000,84,16,30,1,8,1,7,19,17
이상훈,90851,1991,삼성,5.91,17,0,0,1,0,0,0,1.000,192,42 2/3,54,3,19,4,21,30,28
이상훈,90851,1992,삼성,9.62,10,0,0,1,0,0,0,1.000,123,24 1/3,35,5,16,4,18,26,26
이상훈,90851,1993,삼성,2.56,26,0,0,2,3,4,0,0.400,353,84 1/3,76,4,29,7,46,35,24
이상훈,90851,1994,삼성,4.48,27,0,0,2,2,0,0,0.500,304,70 1/3,75,6,25,3,35,36,35
이상훈,90851,1995,삼성,13.50,6,0,0,1,0,0,0,1.000,22,4 2/3,7,0,2,0,5,7,7
이상훈,90851,1996,삼성,3.30,25,0,0,2,3,1,0,0.400,312,76 1/3,71,5,22,7,35,30,28
이상훈,90851,1997,삼성,5.59,31,0,0,1,2,3,0,0.333,264,58,75,9,23,2,33,37,36
이상훈,90851,1998,삼성,4.29,12,0,0,0,0,0,0,-,89,21,20,5,10,0,12,11,10
이상훈,90851,1999,두산,6.20,37,0,0,4,6,0,0,0.400,482,101 2/3,119,18,66,4,59,74,70
이상훈,90851,2000,두산,5.99,40,0,0,4,4,2,0,0.500,416,88 2/3,103,7,40,9,63,63,59
이상훈,90851,2001,두산,8.21,20,0,0,0,0,0,2,-,162,34,43,6,15,2,15,34,31
이상훈,90851,2002,두산,3.91,70,0,0,4,10,2,6,0.286,567,133 2/3,129,9,40,10,93,59,58
이상훈,90851,2003,두산,9.72,12,0,0,1,1,0,1,0.500,86,16 2/3,26,3,5,1,9,22,18
이상훈,90851,2004,롯데,9.00,2,0,0,0,0,0,0,-,15,3,7,1,0,0,2,3,3
이상목,90853,1990,삼성,4.70,9,0,0,0,0,0,0,-,99,23,21,1,15,0,6,15,12
이상목,90853,1993,빙그레,4.82,16,0,0,0,2,2,0,0.000,198,46 2/3,50,5,14,2,22,26,25
이상목,90853,1994,한화,4.01,37,1,0,5,8,5,0,0.385,540,128,127,14,31,3,77,60,57
이상목,90853,1995,한화,3.75,32,4,1,7,8,5,0,0.467,562,134 1/3,129,12,37,3,112,60,56
이상목,90853,1996,한화,3.97,33,3,2,9,13,2,0,0.409,734,174 2/3,176,10,40,6,156,92,77
이상목,90853,1997,한화,4.30,38,1,0,6,10,0,0,0.375,595,138,150,19,36,5,101,76,66
이상목,90853,1998,한화,4.84,38,5,2,9,17,2,0,0.346,754,174 2/3,198,23,38,3,145,104,94
이상목,90853,1999,한화,4.29,31,2,0,14,8,2,0,0.636,707,172,161,26,29,8,140,86,82
이상목,90853,2000,한화,0.00,1,0,0,0,0,0,0,-,5,1,2,0,0,0,1,0,0
이상목,90853,2001,한화,4.90,40,0,0,7,8,5,3,0.467,456,101,125,12,29,5,69,69,55
이상목,90853,2002,한화,6.10,30,0,0,0,7,3,2,0.000,269,62,70,13,12,4,47,43,42
이상목,90853,2003,한화,3.54,33,1,1,15,7,1,1,0.682,774,185 1/3,203,18,29,4,118,78,73
이상목,90853,2004,롯데,5.03,19,0,0,3,9,0,0,0.250,391,87 2/3,112,16,16,7,51,58,49
이상목,90853,2005,롯데,3.02,17,0,0,6,7,0,0,0.462,403,101 1/3,88,8,16,7,69,35,34
이상목,90853,2006,롯데,3.25,23,1,0,12,8,0,0,0.600,566,138 2/3,132,17,23,5,50,63,50
이상목,90853,2007,롯데,6.69,11,0,0,1,4,0,0,0.200,178,37 2/3,56,4,13,1,14,30,28
이상목,90853,2008,삼성,5.34,31,0,0,6,6,0,1,0.500,544,124 2/3,152,8,29,9,53,79,74
최현준,90880,1990,삼성,6.92,7,0,0,0,2,0,0,0.000,58,13,17,2,2,4,3,11,10
최현준,90880,1991,삼성,0.75,5,0,0,0,1,0,0,0.000,47,12,10,0,2,1,2,1,1
최현준,90880,1992,삼성,20.25,5,0,0,1,0,0,0,1.000,24,4,12,0,0,1,1,9,9
이병석,91011,1991,LG,4.84,9,0,0,0,1,0,0,0.000,98,22 1/3,22,3,8,2,9,12,12
이병석,91011,1993,LG,1.93,4,0,0,0,0,0,0,-,20,4 2/3,6,0,2,0,4,1,1
이병석,91011,1995,LG,4.34,25,0,0,0,1,1,0,0.000,213,47 2/3,53,1,20,5,33,24,23
이병석,91011,1996,LG,4.29,12,0,0,0,1,1,0,0.000,91,21,21,2,4,2,9,15,10
이병석,91011,1998,해태,4.58,38,0,0,2,4,1,0,0.333,387,94 1/3,93,18,19,2,64,52,48
이병석,91011,1999,해태,5.60,37,0,0,4,4,2,0,0.500,296,62 2/3,86,10,25,5,54,46,39
이병석,91011,2000,해태,3.93,29,0,0,4,2,4,0,0.667,230,52 2/3,51,5,18,6,37,25,23
이병석,91011,2001,KIA,2.63,47,0,0,4,2,3,3,0.667,277,68 1/3,46,8,27,5,58,21,20
이병석,91011,2002,KIA,3.86,9,0,0,1,0,0,0,1.000,28,7,5,2,3,0,5,4,3
이병석,91011,2003,LG,5.18,25,0,0,3,6,0,0,0.333,297,66,76,9,31,5,29,40,38
김승남,91101,1991,해태,3.81,15,0,0,0,0,1,0,-,123,28 1/3,29,2,14,2,9,14,12
김승남,91101,1992,해태,6.47,22,0,0,0,1,1,0,0.000,221,48 2/3,70,8,12,1,27,36,35
김승남,91101,1994,삼성,3.86,25,0,0,1,3,1,0,0.250,269,60 2/3,56,5,36,5,35,31,26
김승남,91101,1995,삼성,5.20,19,0,0,0,0,0,0,-,172,36 1/3,40,4,27,5,21,25,21
김승남,91101,1997,쌍방울,24.00,3,0,0,0,0,0,0,-,20,3,8,1,3,1,2,8,8
나성열,91066,1992,태평양,3.38,2,0,0,0,0,0,0,-,10,2 2/3,2,1,2,0,1,1,1
나성열,91066,1993,태평양,2.15,10,3,0,2,3,0,0,0.400,220,54 1/3,45,0,17,0,23,19,13
나성열,91066,1994,태평양,2.75,15,0,0,0,0,0,0,-,89,19 2/3,25,0,6,2,6,7,6
나성열,91066,1995,한화,5.19,8,0,0,0,0,0,0,-,44,8 2/3,10,2,8,1,4,5,5
나성열,91066,1996,한화,5.40,2,0,0,0,1,0,0,0.000,8,1 2/3,2,1,1,0,2,1,1
나성열,91066,1997,쌍방울,8.10,9,0,0,0,0,0,0,-,18,3 1/3,6,0,3,0,2,4,3
나성열,91066,1998,쌍방울,0.00,2,0,0,0,0,0,0,-,5,2/3,3,0,0,0,2,0,0
서왕권,91059,1991,LG,4.50,3,0,0,0,0,0,0,-,25,6,1,0,7,0,1,3,3
서왕권,91059,1992,LG,4.50,31,0,0,2,5,1,0,0.286,412,92,100,7,50,3,56,60,46
오희주,91106,1991,해태,5.84,6,0,0,0,1,0,0,0.000,63,12 1/3,16,0,9,2,9,11,8
오희주,91106,1993,LG,3.14,11,0,0,0,0,0,0,-,66,14 1/3,14,1,10,3,7,7,5
오희주,91106,1994,LG,7.20,4,0,0,0,0,1,0,-,46,10,13,3,2,1,7,8,8
오희주,91106,1995,LG,2.93,12,1,1,3,3,1,0,0.500,250,61 1/3,46,4,28,1,41,20,20
이석구,91119,1991,LG,18.00,3,0,0,0,0,0,0,-,12,2,5,1,2,0,0,4,4
문귀석,91104,1992,해태,4.61,8,0,0,0,1,0,0,0.000,63,13 2/3,18,3,7,0,7,8,7
김기덕,91151,1991,LG,5.87,6,0,0,0,0,0,0,-,31,7 2/3,6,2,4,0,6,5,5
김기덕,91151,1992,LG,5.72,22,1,0,2,6,0,0,0.250,367,78 2/3,100,10,37,4,40,57,50
김기덕,91151,1995,LG,13.50,2,0,0,0,0,0,0,-,6,1 1/3,1,0,1,0,2,2,2
김기덕,91151,1996,LG,12.34,6,0,0,0,0,0,0,-,62,11 2/3,21,2,4,3,9,16,16
오종우,91138,1991,LG,4.80,5,0,0,0,0,0,0,-,71,15,14,1,12,1,2,10,8
오종우,91138,1992,LG,27.00,1,0,0,0,0,0,0,-,5,2/3,0,0,3,0,0,3,2
김성식,91160,1991,LG,6.80,19,0,0,0,0,2,0,-,196,41,53,2,22,2,18,36,31
김성식,91160,1992,LG,7.25,12,0,0,0,1,0,0,0.000,111,22 1/3,34,1,12,2,6,18,18
김성식,91160,1993,LG,4.15,3,0,0,0,0,0,0,-,21,4 1/3,6,2,4,0,1,2,2
김태형,91153,1991,롯데,3.26,30,6,0,11,7,3,0,0.611,584,140 2/3,124,5,50,4,81,52,51
김태형,91153,1992,롯데,5.40,29,1,0,7,13,1,0,0.350,502,110,133,11,54,4,50,74,66
김태형,91153,1993,롯데,4.53,19,0,0,2,0,0,0,1.000,254,59 2/3,58,6,16,3,27,31,30
김태형,91153,1994,롯데,5.13,35,0,0,1,1,0,0,0.500,173,40 1/3,47,4,13,2,20,23,23
김태형,91153,1995,롯데,11.25,8,0,0,0,0,0,0,-,24,4,8,0,3,1,2,5,5
김태형,91153,1996,롯데,5.18,40,0,0,0,1,1,0,0.000,102,24 1/3,24,5,8,3,19,15,14
이승배,91168,1991,LG,4.00,2,0,0,0,1,0,0,0.000,41,9,11,0,3,0,5,4,4
김익재,91202,1991,OB,6.27,21,0,0,0,3,0,0,0.000,158,33,41,1,24,0,22,26,23
김익재,91202,1992,OB,2.54,12,0,0,0,0,0,0,-,123,28 1/3,21,0,18,3,16,9,8
김익재,91202,1993,OB,1.85,23,0,0,1,0,0,0,1.000,144,34,31,0,20,3,22,7,7
김익재,91202,1994,OB,5.40,51,0,0,0,5,4,0,0.000,273,60,64,2,31,6,53,39,36
김익재,91202,1995,OB,4.50,6,0,0,0,0,0,0,-,20,4,5,0,2,0,1,3,2
김익재,91202,1996,현대,3.86,36,0,0,0,2,0,0,0.000,142,30 1/3,35,1,15,4,20,20,13
김익재,91202,1997,현대,6.10,38,0,0,0,0,1,0,-,99,20 2/3,24,4,14,4,18,14,14
김익재,91202,1998,현대,5.79,10,0,0,0,0,0,0,-,22,4 2/3,5,1,4,0,4,3,3
김익재,91202,1999,현대,13.50,8,0,0,0,0,0,0,-,22,4,5,0,6,0,0,6,6
강병규,91206,1991,OB,2.67,17,1,0,2,2,0,0,0.500,255,60 2/3,57,4,26,4,23,24,18
강병규,91206,1992,OB,5.05,18,1,0,1,4,1,0,0.200,301,67 2/3,79,8,25,4,33,39,38
강병규,91206,1993,OB,3.09,29,5,1,10,9,0,0,0.526,570,139 2/3,124,4,36,8,70,52,48
강병규,91206,1994,OB,4.27,18,2,0,5,5,0,0,0.500,352,78,93,4,25,12,41,46,37
강병규,91206,1995,OB,4.60,18,2,0,5,6,0,0,0.455,459,103 2/3,112,12,39,7,50,56,53
강병규,91206,1996,OB,3.99,25,2,0,7,11,0,0,0.389,518,121 2/3,119,9,45,9,55,63,54
강병규,91206,1997,OB,3.58,48,0,0,6,5,2,0,0.545,446,103,105,4,37,6,54,48,41
강병규,91206,1998,OB,3.63,34,2,0,5,10,1,0,0.333,573,134,143,10,40,6,74,57,54
강병규,91206,1999,두산,5.21,29,1,0,13,9,0,0,0.591,637,143 1/3,164,19,48,9,92,92,83
강병규,91206,2000,SK,8.44,11,0,0,2,2,0,0,0.500,125,26 2/3,39,7,13,1,7,25,25
권영일,91201,1991,OB,5.89,6,0,0,0,3,0,0,0.000,85,18 1/3,18,0,15,1,7,12,12
권영일,91201,1992,OB,5.06,2,0,0,0,0,0,0,-,24,5 1/3,7,0,3,0,1,3,3
전일수,91314,1991,태평양,7.20,3,0,0,0,0,0,0,-,23,5,6,0,3,0,2,4,4
전일수,91314,1993,LG,0.75,4,0,0,0,1,0,0,0.000,44,12,6,0,3,0,3,3,1
전일수,91314,1994,LG,3.40,30,0,0,3,0,0,0,1.000,200,45,48,4,22,4,25,20,17
이용호,91328,1991,태평양,9.00,1,0,0,0,0,0,0,-,4,1,1,0,1,0,0,1,1
신상윤,91340,1991,태평양,0.00,3,0,0,0,0,0,0,-,8,2 2/3,0,0,1,0,1,0,0
신상윤,91340,1992,태평양,5.93,16,0,0,0,2,0,0,0.000,127,27 1/3,30,1,18,0,13,24,18
신상윤,91340,1993,태평양,7.20,2,0,0,0,0,0,0,-,26,5,5,0,5,0,1,4,4
신상윤,91340,1994,태평양,13.50,1,0,0,0,0,0,0,-,8,1 1/3,4,0,0,0,0,2,2
신상윤,91340,1995,태평양,-,1,0,0,0,0,0,0,-,6,0,3,0,2,0,0,4,3
신상윤,91340,1996,현대,5.40,4,0,0,0,0,0,0,-,17,3 1/3,7,0,1,0,3,2,2
신상윤,91340,1997,현대,2.53,6,0,0,0,0,1,0,-,47,10 2/3,11,2,4,0,7,3,3
손영철,91448,1991,삼성,0.64,3,0,0,0,0,0,0,-,52,14,10,0,6,0,8,2,1
손영철,91448,1992,삼성,7.07,25,0,0,2,4,0,0,0.333,306,63 2/3,69,6,45,6,39,53,50
손영철,91448,1993,삼성,6.06,7,0,0,0,1,0,0,0.000,78,16 1/3,17,1,13,1,10,13,11
손영철,91448,1994,삼성,9.00,3,0,0,0,0,0,0,-,19,4,4,1,2,1,5,4,4
손영철,91448,1996,현대,5.25,7,0,0,0,0,0,0,-,56,12,14,0,8,0,5,8,7
허삼영,91466,1993,삼성,18.00,1,0,0,0,0,0,0,-,7,1,2,0,2,0,0,2,2
허삼영,91466,1995,삼성,13.50,3,0,0,0,0,0,0,-,6,1 1/3,3,1,0,0,0,2,2
이상범,91471,1991,삼성,10.80,3,0,0,0,0,0,0,-,19,3 1/3,2,0,3,4,1,4,4
이상범,91471,1992,삼성,4.50,2,0,0,0,0,0,0,-,10,2,2,0,2,0,0,1,1
김태석,91536,1991,롯데,5.61,21,0,0,1,4,0,0,0.200,241,51 1/3,58,4,36,4,35,38,32
김태석,91536,1992,롯데,5.88,7,0,0,0,1,0,0,0.000,121,26,37,3,8,1,6,20,17
김태석,91536,1993,롯데,3.38,12,1,0,0,3,0,0,0.000,150,37 1/3,30,1,11,1,15,16,14
김태석,91536,1994,롯데,5.13,33,0,0,5,6,2,0,0.455,387,87 2/3,95,6,32,9,30,53,50
김태석,91536,1995,롯데,7.06,10,0,0,0,0,0,0,-,94,21 2/3,29,3,2,0,10,17,17
김태석,91536,1996,롯데,2.95,37,4,1,8,4,0,0,0.667,521,128,123,5,28,12,52,47,42
김태석,91536,1997,롯데,4.19,35,1,0,5,10,1,0,0.333,462,109 2/3,106,14,43,6,51,54,51
김태석,91536,1998,롯데,4.63,40,3,0,9,13,0,0,0.409,597,138,149,17,34,10,62,82,71
김태석,91536,1999,롯데,5.42,25,0,0,4,2,0,0,0.667,359,78,94,16,32,7,42,50,47
김태석,91536,2000,SK,5.87,28,0,0,3,4,0,1,0.429,251,53 2/3,76,9,17,4,23,41,35
김태석,91536,2002,LG,4.50,2,0,0,0,0,0,0,-,15,4,2,2,0,1,2,2,2
강현철,91558,1991,롯데,3.38,1,0,0,0,1,0,0,0.000,15,2 2/3,3,0,2,0,1,4,1
김기열,91719,1991,빙그레,20.25,7,0,0,0,2,0,0,0.000,33,5 1/3,16,1,2,0,1,12,12
임규대,91763,1992,빙그레,27.00,1,0,0,0,0,0,0,-,8,1,3,0,1,0,0,3,3
임규대,91763,1994,한화,6.23,8,0,0,0,1,0,0,0.000,72,13,22,2,12,0,5,12,9
공용우,91772,1995,한화,2.53,8,0,0,0,0,0,0,-,42,10 2/3,6,0,4,0,5,3,3
공용우,91772,1997,한화,7.50,4,0,0,0,0,0,0,-,28,6,10,2,1,1,6,6,5
공용우,91772,1998,한화,2.45,3,0,0,0,0,0,0,-,15,3 2/3,3,1,2,0,1,1,1
김인권,91729,1991,빙그레,2.95,34,3,0,8,3,3,0,0.727,627,143 1/3,139,8,62,19,44,60,47
김인권,91729,1992,빙그레,5.18,23,0,0,4,0,3,0,1.000,289,64 1/3,75,8,29,4,20,40,37
김인권,91729,1993,빙그레,6.89,10,0,0,1,0,0,0,1.000,148,31 1/3,41,6,12,3,5,26,24
권영진,91819,1991,쌍방울,-,1,0,0,0,0,0,0,-,3,0,0,0,3,0,0,0,0
권영진,91819,1995,롯데,1.80,3,0,0,0,0,0,0,-,19,5,4,0,0,1,3,1,1
권영진,91819,1996,롯데,18.00,1,0,0,0,0,0,0,-,6,1,3,0,0,0,0,2,2
조규제,91818,1991,쌍방울,1.64,49,0,0,9,7,27,0,0.563,545,142 1/3,70,5,58,3,133,30,26
조규제,91818,1992,쌍방울,3.17,30,0,0,7,7,8,0,0.500,233,54,48,5,24,2,65,25,19
조규제,91818,1993,쌍방울,1.42,41,0,0,1,4,23,0,0.200,348,88 2/3,51,5,33,4,96,17,14
조규제,91818,1994,쌍방울,2.39,44,0,0,2,8,24,0,0.200,394,98,69,5,38,5,93,28,26
조규제,91818,1995,쌍방울,5.06,8,0,0,0,1,3,0,0.000,50,10 2/3,11,2,6,1,9,6,6
조규제,91818,1996,쌍방울,1.81,48,0,0,5,5,20,0,0.500,239,59 2/3,41,3,24,4,74,12,12
조규제,91818,1997,쌍방울,2.90,52,0,0,4,6,28,0,0.400,317,77 2/3,64,4,23,4,74,25,25
조규제,91818,1998,현대,4.18,40,0,0,5,4,2,0,0.556,250,56,65,8,16,1,40,28,26
조규제,91818,1999,현대,5.95,17,0,0,6,2,2,0,0.750,247,56,62,9,20,3,52,37,37
조규제,91818,2000,현대,2.08,9,0,0,0,0,0,3,-,17,4 1/3,2,0,2,0,4,1,1
조규제,91818,2001,SK,3.55,46,0,0,8,9,9,3,0.471,427,106 1/3,90,12,35,3,75,45,42
조규제,91818,2002,SK,4.23,46,0,0,6,8,6,3,0.429,347,78 2/3,81,13,27,10,64,40,37
조규제,91818,2003,현대,5.63,36,0,0,0,3,0,4,0.000,190,40,39,6,32,4,41,26,25
조규제,91818,2004,KIA,2.14,38,0,0,1,0,1,5,1.000,76,21,11,1,4,1,18,5,5
조규제,91818,2005,KIA,36.00,4,0,0,0,0,0,0,-,11,1,5,2,2,1,0,4,4
박성기,91831,1991,쌍방울,4.51,37,0,0,10,11,1,0,0.476,668,149 2/3,156,10,84,7,91,83,75
박성기,91831,1992,쌍방울,4.08,38,3,1,9,8,1,0,0.529,663,152 1/3,141,17,76,5,88,81,69
박성기,91831,1993,쌍방울,3.83,31,6,0,11,11,0,0,0.500,673,157 1/3,126,11,84,7,104,79,67
박성기,91831,1994,쌍방울,4.68,31,4,1,11,12,0,0,0.478,812,182 2/3,188,18,81,8,108,100,95
박성기,91831,1995,쌍방울,4.83,25,1,0,5,9,0,0,0.357,480,108,105,21,58,4,65,67,58
박성기,91831,1996,쌍방울,3.84,26,2,2,5,6,0,0,0.455,404,93 2/3,79,10,42,12,84,44,40
박성기,91831,1997,쌍방울,27.00,5,0,0,0,1,0,0,0.000,9,1 1/3,4,2,2,0,1,4,4
박성기,91831,1998,롯데,4.60,22,0,0,0,1,0,0,0.000,187,43,36,5,23,2,20,23,22
박성기,91831,1999,한화,19.64,4,0,0,0,0,0,0,-,28,3 2/3,11,2,6,0,3,8,8
강길용,91821,1991,쌍방울,4.50,34,5,0,8,13,1,0,0.381,747,168,164,16,94,15,73,95,84
강길용,91821,1992,쌍방울,4.80,33,2,1,5,14,1,0,0.263,606,137,139,18,70,9,75,85,73
강길용,91821,1993,쌍방울,5.02,31,3,0,7,11,1,0,0.389,595,136 1/3,125,10,76,10,61,79,76
강길용,91821,1994,OB,4.59,23,0,0,1,8,0,0,0.111,308,68 2/3,59,5,42,7,38,46,35
강길용,91821,1995,OB,3.97,24,0,0,2,1,6,0,0.667,183,45 1/3,35,5,11,2,27,20,20
강길용,91821,1996,OB,3.35,41,0,0,2,4,2,0,0.333,336,80 2/3,72,5,21,4,54,33,30
강길용,91821,1997,OB,4.46,39,0,0,1,0,4,0,1.000,294,66 2/3,67,6,30,4,42,41,33
강길용,91821,1998,OB,16.20,2,0,0,0,0,0,0,-,17,3 1/3,4,3,2,1,2,6,6
강길용,91821,1999,두산,14.44,10,0,0,0,1,0,0,0.000,81,14 1/3,31,4,6,0,10,25,23
김기덕,91833,1991,쌍방울,4.32,22,0,0,2,1,0,0,0.667,145,33 1/3,35,3,17,3,6,18,16
김기덕,91833,1992,쌍방울,3.45,13,0,0,2,2,0,0,0.500,198,44 1/3,39,5,21,7,16,27,17
김기덕,91833,1993,쌍방울,14.29,3,0,0,0,0,0,0,-,38,5 2/3,18,0,2,0,3,12,9
김기덕,91833,1994,쌍방울,4.34,33,1,1,5,5,2,0,0.500,477,114,116,10,29,6,55,62,55
김기덕,91833,1995,쌍방울,2.71,44,1,0,9,7,12,0,0.563,475,116 1/3,98,9,31,9,90,38,35
김기덕,91833,1996,쌍방울,2.40,43,2,1,9,4,4,0,0.692,463,112 2/3,95,5,29,14,66,34,30
김기덕,91833,1997,쌍방울,5.23,25,1,0,7,6,0,0,0.538,450,105,110,15,28,14,49,64,61
김기덕,91833,1998,쌍방울,3.52,44,1,0,12,11,3,0,0.522,576,138,142,12,27,8,89,63,54
김기덕,91833,1999,쌍방울,4.50,31,1,0,2,12,1,0,0.143,652,150,184,17,30,12,84,80,75
김기덕,91833,2000,SK,5.22,32,0,0,5,10,1,1,0.333,603,138,167,27,33,7,72,86,80
김기덕,91833,2001,SK,5.19,19,0,0,3,10,0,0,0.231,295,67 2/3,77,17,16,6,41,45,39
김기덕,91833,2002,SK,3.13,16,0,0,0,0,0,0,-,95,23,24,1,5,3,12,8,8
최준호,91871,1989,MBC,2.89,4,0,0,0,0,0,0,-,46,9 1/3,8,0,9,1,3,4,3
김원형,91848,1991,쌍방울,4.69,29,4,1,7,11,0,0,0.389,597,136 1/3,131,12,71,7,75,77,71
김원형,91848,1992,쌍방울,3.32,22,7,1,8,7,1,0,0.533,578,138 1/3,125,13,54,6,104,60,51
김원형,91848,1993,쌍방울,2.93,26,6,3,11,9,0,0,0.550,572,135 1/3,115,9,60,10,87,50,44
김원형,91848,1994,쌍방울,5.39,25,2,0,5,11,1,0,0.313,588,132,143,14,52,11,75,85,79
김원형,91848,1995,쌍방울,3.95,25,4,2,9,8,0,0,0.529,627,143 2/3,145,14,58,13,69,82,63
김원형,91848,1996,쌍방울,4.12,26,1,0,5,8,0,0,0.385,554,126 2/3,133,10,51,5,69,71,58
김원형,91848,1997,쌍방울,2.75,29,3,0,9,9,0,0,0.500,649,157,139,13,43,7,80,62,48
김원형,91848,1998,쌍방울,2.52,51,0,0,12,7,13,0,0.632,611,150,130,10,42,6,109,54,42
김원형,91848,1999,쌍방울,4.86,17,0,0,2,3,2,0,0.400,154,37,30,3,13,3,38,22,20
김원형,91848,2000,SK,5.81,29,0,0,2,13,5,0,0.133,413,93,112,18,31,5,52,70,60
김원형,91848,2001,SK,4.37,26,1,0,9,9,0,0,0.500,657,154 1/3,152,20,60,3,100,89,75
김원형,91848,2002,SK,5.25,13,0,0,4,5,0,0,0.444,260,58 1/3,67,14,17,2,37,40,34
김원형,91848,2003,SK,3.74,30,0,0,7,7,1,4,0.500,338,79 1/3,87,13,18,6,44,34,33
김원형,91848,2004,SK,4.20,30,1,0,8,6,1,1,0.571,588,135,147,19,41,10,78,70,63
김원형,91848,2005,SK,3.41,30,0,0,14,8,0,0,0.636,715,171 2/3,172,17,30,15,94,73,65
김원형,91848,2006,SK,4.07,24,0,0,5,9,0,0,0.357,603,139 1/3,152,11,41,13,52,69,63
김원형,91848,2007,SK,4.15,43,0,0,5,4,0,4,0.556,327,73 2/3,87,6,22,8,25,41,34
김원형,91848,2008,SK,3.15,42,0,0,12,6,2,2,0.667,313,74 1/3,73,6,23,5,41,28,26
김원형,91848,2009,SK,4.59,25,0,0,0,4,0,1,0.000,148,33 1/3,36,3,18,1,17,17,17
김원형,91848,2010,SK,0.00,3,0,0,0,0,0,0,-,11,2 1/3,3,0,0,0,0,2,0
노춘섭,91868,1993,쌍방울,5.04,11,0,0,0,0,0,0,-,104,25,21,6,12,1,7,14,14
노춘섭,91868,1994,쌍방울,6.23,4,0,0,0,0,0,0,-,38,8 2/3,9,1,5,0,2,6,6
노춘섭,91868,1995,쌍방울,31.50,3,0,0,0,0,0,0,-,13,2,7,0,0,0,1,7,7
박진석,91899,1991,쌍방울,4.97,30,1,0,8,6,1,0,0.571,488,108 2/3,136,10,41,5,37,70,60
박진석,91899,1992,쌍방울,6.87,17,1,0,0,8,0,0,0.000,347,74 2/3,91,11,33,3,36,62,57
박진석,91899,1994,쌍방울,4.30,30,1,0,6,5,1,0,0.545,524,119 1/3,128,18,48,7,61,63,57
박진석,91899,1995,쌍방울,4.11,30,4,0,3,11,4,0,0.214,494,114,125,11,39,4,62,59,52
박진석,91899,1996,쌍방울,3.49,18,0,0,3,2,1,0,0.600,257,59 1/3,59,2,23,7,29,24,23
박진석,91899,1997,쌍방울,4.60,11,0,0,2,1,0,0,0.667,136,29 1/3,36,3,15,3,14,15,15
박진석,91899,1998,쌍방울,7.71,2,0,0,0,1,0,0,0.000,34,7,11,1,3,0,4,6,6
박진석,91899,1999,쌍방울,4.62,12,0,0,1,1,0,0,0.500,103,25 1/3,19,5,11,2,21,13,13
박진석,91899,2000,SK,5.68,21,0,0,0,0,0,0,-,177,38,60,6,7,2,20,26,24
김동수,91884,1991,쌍방울,5.23,20,0,0,1,0,0,0,1.000,139,31,30,6,20,0,14,21,18
조중석,92201,1992,OB,3.52,3,0,0,0,0,0,0,-,33,7 2/3,4,1,7,0,2,4,3
권명철,92202,1992,OB,4.99,23,0,0,4,4,0,0,0.500,355,79 1/3,88,9,37,8,54,49,44
권명철,92202,1993,OB,3.01,25,5,2,10,8,0,0,0.556,547,134 1/3,103,6,60,3,84,49,45
권명철,92202,1994,OB,3.23,23,5,3,6,7,0,0,0.462,421,100 1/3,92,5,38,3,59,42,36
권명철,92202,1995,OB,2.47,28,4,0,15,8,0,0,0.652,776,193 1/3,147,8,61,8,112,65,53
권명철,92202,1997,OB,2.76,12,0,0,3,2,0,0,0.600,116,29 1/3,22,0,8,2,25,12,9
권명철,92202,1998,OB,6.92,7,0,0,1,3,0,0,0.250,121,26,30,5,10,4,18,22,20
권명철,92202,2000,SK,9.00,25,0,0,1,5,0,0,0.167,229,45,68,9,24,5,27,50,45
권명철,92202,2001,SK,3.81,14,0,0,0,1,0,1,0.000,112,26,25,2,7,3,16,14,11
권명철,92202,2002,SK,5.93,45,0,0,2,4,1,1,0.333,246,54 2/3,63,11,19,4,36,38,36
권명철,92202,2003,두산,4.20,40,0,0,3,3,0,1,0.500,347,79 1/3,89,8,23,4,45,40,37
권명철,92202,2004,두산,3.65,5,0,0,0,0,0,1,-,53,12 1/3,9,0,6,2,6,5,5
이상현,92220,1992,OB,6.23,7,0,0,0,1,0,0,0.000,68,13,17,1,13,2,5,11,9
이상현,92220,1993,OB,9.00,1,0,0,0,0,0,0,-,5,1,1,1,2,0,0,1,1
노석기,92271,1992,OB,7.94,3,0,0,0,0,0,0,-,29,5 2/3,5,0,8,0,2,5,5
정민태,92301,1992,태평양,3.81,7,0,0,1,3,0,0,0.250,110,26,21,3,13,0,21,13,11
정민태,92301,1993,태평양,6.75,5,0,0,0,0,0,0,-,41,9 1/3,11,0,4,0,7,7,7
정민태,92301,1994,태평양,3.72,25,5,0,8,9,0,0,0.471,619,145 1/3,159,7,38,2,91,66,60
정민태,92301,1995,태평양,3.69,28,8,3,8,14,0,0,0.364,796,188,187,8,58,4,115,92,77
정민태,92301,1996,현대,2.44,30,4,2,15,9,0,0,0.625,834,210 1/3,180,15,45,3,127,67,57
정민태,92301,1997,현대,3.33,31,8,1,13,13,0,0,0.500,886,219,189,15,51,7,159,97,81
정민태,92301,1998,현대,2.83,28,5,2,17,9,0,0,0.654,825,200 2/3,184,18,49,2,159,77,63
정민태,92301,1999,현대,2.54,33,7,0,20,7,3,0,0.741,936,230 2/3,208,24,63,4,178,69,65
정민태,92301,2000,현대,3.48,29,3,1,18,6,0,0,0.750,846,207,192,21,66,1,153,85,80
정민태,92301,2003,현대,3.31,29,1,0,17,2,0,0,0.895,741,177,179,17,42,5,122,76,65
정민태,92301,2004,현대,5.00,28,1,0,7,14,0,0,0.333,721,165 2/3,193,21,42,8,123,109,92
정민태,92301,2005,현대,4.73,8,0,0,0,3,0,0,0.000,120,26 2/3,34,2,6,1,13,19,14
정민태,92301,2006,현대,4.50,1,0,0,0,0,0,0,-,9,2,2,1,1,0,1,1,1
정민태,92301,2007,현대,12.81,7,0,0,0,6,0,0,0.000,103,19 2/3,35,5,11,1,6,29,28
정민태,92301,2008,KIA,14.73,1,0,0,0,1,0,0,0.000,19,3 2/3,5,1,2,1,3,6,6
이경호,92308,1997,현대,0.00,1,0,0,0,0,0,0,-,1,1/3,0,0,0,0,0,0,0
안병원,92302,1992,태평양,4.26,25,6,1,10,8,2,0,0.556,545,126 2/3,124,12,52,8,88,68,60
안병원,92302,1993,태평양,3.02,22,9,1,4,10,0,0,0.286,709,170,164,8,60,4,100,70,57
안병원,92302,1994,태평양,3.40,25,2,1,11,10,0,0,0.524,619,145 2/3,148,9,47,6,66,55,55
안병원,92302,1995,태평양,4.45,19,3,0,4,8,0,0,0.333,509,117 1/3,125,10,39,5,77,63,58
안병원,92302,1996,현대,4.47,20,0,0,4,5,0,0,0.444,219,52 1/3,47,5,15,5,31,31,26
안병원,92302,1997,현대,4.76,37,0,0,4,9,1,0,0.308,544,123,122,15,58,7,97,75,65
안병원,92302,1998,현대,4.21,20,0,0,2,0,1,0,1.000,162,36 1/3,35,4,16,3,23,20,17
안병원,92302,1999,LG,12.54,7,0,0,0,3,0,0,0.000,150,28,51,9,11,2,17,42,39
안병원,92302,2000,LG,5.29,17,0,0,6,3,0,0,0.667,296,68,77,10,22,2,40,42,40
안병원,92302,2001,LG,7.39,23,0,0,1,8,0,0,0.111,387,80 1/3,102,9,47,6,38,71,66
안병원,92302,2002,LG,4.62,8,0,0,0,3,0,0,0.000,118,25 1/3,26,4,10,6,15,20,13
안병원,92302,2003,LG,0.00,1,0,0,0,0,0,0,-,4,2/3,2,0,0,0,0,0,0
김흥만,92313,1992,태평양,10.61,3,0,0,0,1,0,0,0.000,47,9 1/3,15,4,5,0,6,13,11
박철수,92402,1992,삼성,4.50,7,0,0,0,1,0,0,0.000,46,10,7,0,10,1,8,5,5
오봉옥,92403,1992,삼성,3.55,38,2,1,13,0,2,0,1.000,556,126 2/3,114,7,74,4,64,58,50
오봉옥,92403,1993,삼성,3.39,38,0,0,2,7,7,0,0.222,318,74 1/3,72,5,36,2,43,31,28
오봉옥,92403,1994,삼성,6.82,19,0,0,0,4,3,0,0.000,153,33,46,4,15,2,13,27,25
오봉옥,92403,1995,삼성,2.90,39,3,1,6,9,5,0,0.400,563,133 1/3,117,4,50,4,99,56,43
오봉옥,92403,1996,쌍방울,3.06,33,4,2,9,7,4,0,0.563,568,135 1/3,114,7,53,9,86,55,46
오봉옥,92403,1997,쌍방울,5.20,22,0,0,7,7,2,0,0.500,255,55 1/3,68,4,24,5,43,36,32
오봉옥,92403,1998,쌍방울,5.68,27,0,0,2,6,0,0,0.250,402,88 2/3,108,12,43,3,44,60,56
오봉옥,92403,1999,해태,3.40,48,0,0,6,9,8,0,0.400,511,116 1/3,118,12,58,7,80,51,44
오봉옥,92403,2000,해태,2.86,48,0,0,4,7,8,8,0.364,497,113 1/3,100,9,50,5,110,46,36
오봉옥,92403,2001,KIA,4.74,50,0,0,5,5,14,0,0.500,455,106 1/3,104,10,39,1,80,59,56
오봉옥,92403,2002,KIA,3.31,40,0,0,1,3,0,3,0.250,238,54 1/3,62,10,24,2,33,22,20
오봉옥,92403,2003,KIA,5.79,4,0,0,0,0,0,0,-,24,4 2/3,7,0,3,1,2,3,3
오봉옥,92403,2004,한화,5.97,40,0,0,5,2,0,2,0.714,267,60 1/3,70,7,22,5,31,40,40
오봉옥,92403,2005,한화,5.65,40,0,0,3,2,3,2,0.600,196,43,54,8,19,3,24,28,27
오봉옥,92403,2006,한화,10.80,2,0,0,0,0,0,0,-,10,1 2/3,4,1,1,0,2,2,2
김태한,92401,1992,삼성,5.42,45,0,0,3,7,5,0,0.300,367,79 2/3,82,7,63,2,56,57,48
김태한,92401,1993,삼성,2.83,31,5,3,14,6,2,0,0.700,661,162,133,7,71,4,91,55,51
김태한,92401,1994,삼성,2.76,30,8,1,10,9,1,0,0.526,725,176 1/3,146,13,68,6,121,67,54
김태한,92401,1995,삼성,2.97,44,0,0,5,8,22,0,0.385,416,97,81,5,51,5,75,37,32
김태한,92401,1996,삼성,4.48,19,1,0,4,7,1,0,0.364,377,86 1/3,82,7,42,4,65,48,43
김태한,92401,1997,삼성,2.61,51,0,0,8,7,23,0,0.533,403,96 2/3,70,7,55,6,84,36,28
김태한,92401,2000,삼성,4.57,32,0,0,0,0,0,8,-,94,21 2/3,20,1,9,0,16,12,11
김태한,92401,2001,삼성,11.57,7,0,0,0,0,0,0,-,12,2 1/3,5,0,0,0,2,3,3
김태한,92401,2002,SK,5.23,47,0,0,0,1,1,2,0.000,135,31,34,3,10,1,21,21,18
김태한,92401,2003,SK,8.25,12,0,0,0,1,0,0,0.000,57,12,14,4,6,1,7,13,11
곽채진,92404,1994,삼성,3.57,14,0,0,2,2,0,0,0.500,198,45 1/3,32,4,33,5,28,23,18
곽채진,92404,1995,삼성,5.19,27,0,0,1,2,1,0,0.333,270,59,66,4,22,10,40,37,34
곽채진,92404,1996,삼성,7.09,10,0,0,0,0,0,0,-,131,26 2/3,35,5,15,2,9,23,21
곽채진,92404,1997,삼성,3.16,30,0,0,0,1,1,0,0.000,248,57,56,0,19,4,50,31,20
곽채진,92404,1998,삼성,3.64,42,0,0,7,3,5,0,0.700,469,111 1/3,89,18,47,8,98,51,45
곽채진,92404,1999,해태,4.77,53,0,0,8,7,8,0,0.533,459,109 1/3,97,13,40,6,101,59,58
곽채진,92404,2000,해태,3.55,13,0,0,4,5,0,0,0.444,156,38,34,6,14,0,24,17,15
곽채진,92404,2001,KIA,13.00,8,0,0,0,1,0,0,0.000,50,9,16,3,5,2,8,14,13
곽채진,92404,2002,KIA,4.30,10,0,0,0,0,0,1,-,58,14 2/3,12,4,2,2,8,8,7
곽채진,92404,2003,두산,5.86,11,0,0,1,4,0,0,0.200,157,35 1/3,43,4,4,5,11,25,23
윤형배,92506,1992,롯데,4.86,32,0,0,8,4,3,0,0.667,479,113,113,14,37,5,31,63,61
윤형배,92506,1993,롯데,2.46,31,11,4,14,9,3,0,0.609,792,193 2/3,170,7,69,3,60,67,53
윤형배,92506,1994,롯데,6.49,14,0,0,0,3,0,0,0.000,130,26 1/3,44,1,10,2,9,23,19
윤형배,92506,1995,롯데,4.79,20,2,0,5,5,0,0,0.500,290,67 2/3,77,5,16,2,24,36,36
윤형배,92506,1996,롯데,5.00,18,0,0,1,0,0,0,1.000,119,27,40,1,5,0,12,15,15
윤형배,92506,1997,쌍방울,4.66,11,0,0,1,1,1,0,0.500,94,19 1/3,22,0,14,3,13,10,10
윤형배,92506,1998,쌍방울,4.08,26,0,0,0,5,0,0,0.000,204,46 1/3,53,2,16,2,14,22,21
윤형배,92506,1999,쌍방울,8.64,11,0,0,0,0,0,0,-,86,16 2/3,25,1,10,1,6,18,16
이요섭,92503,1992,롯데,6.75,2,0,0,0,0,0,0,-,21,4,6,0,4,0,0,3,3
김상현,92502,1992,롯데,4.21,33,4,2,7,9,4,0,0.438,501,113 1/3,121,13,50,5,68,64,53
김상현,92502,1993,롯데,3.20,28,8,0,12,9,4,0,0.571,667,163 1/3,152,8,47,2,77,60,58
김상현,92502,1994,롯데,3.88,17,0,0,4,3,0,0,0.571,216,48 2/3,49,7,26,1,13,22,21
김상현,92502,1995,롯데,3.03,42,0,0,4,6,9,0,0.400,355,89,82,9,16,4,47,32,30
김상현,92502,1996,롯데,4.98,26,0,0,2,4,2,0,0.333,161,34 1/3,43,2,19,1,27,21,19
김상현,92502,1997,롯데,3.60,19,0,0,0,0,0,0,-,138,30,39,3,13,0,13,12,12
배숙현,92504,1992,롯데,21.00,2,0,0,0,0,0,0,-,19,3,7,2,3,0,0,7,7
염종석,92508,1992,롯데,2.33,35,13,2,17,9,6,0,0.654,804,204 2/3,171,6,35,8,127,68,53
염종석,92508,1993,롯데,3.41,33,7,2,10,10,7,0,0.500,656,158 1/3,171,6,31,5,89,68,60
염종석,92508,1994,롯데,3.69,14,3,1,4,8,0,0,0.333,428,102 1/3,112,4,22,3,42,46,42
염종석,92508,1995,롯데,2.98,18,3,1,7,7,0,0,0.500,512,127,121,7,32,3,56,48,42
염종석,92508,1997,롯데,3.84,23,1,0,6,9,0,0,0.400,572,133 2/3,126,15,47,8,71,65,57
염종석,92508,1998,롯데,3.90,27,4,0,7,15,0,0,0.318,690,163 2/3,152,8,50,11,108,78,71
염종석,92508,1999,롯데,3.31,18,0,0,5,5,0,0,0.500,356,87,79,7,27,2,49,35,32
염종석,92508,2000,롯데,4.66,6,0,0,0,0,1,0,-,44,9 2/3,15,2,3,0,8,5,5
염종석,92508,2001,롯데,3.94,24,0,0,6,9,0,0,0.400,383,89,88,8,30,3,52,42,39
염종석,92508,2002,롯데,4.36,31,0,0,8,14,0,0,0.364,690,159,180,15,36,15,108,93,77
염종석,92508,2003,롯데,5.17,24,0,0,7,14,0,0,0.333,539,123 2/3,132,21,47,11,85,74,71
염종석,92508,2004,롯데,4.59,21,0,0,3,6,0,0,0.333,445,102,113,10,30,5,55,58,52
염종석,92508,2005,롯데,3.77,22,0,0,3,9,0,0,0.250,457,107 1/3,104,4,23,17,58,50,45
염종석,92508,2006,롯데,3.72,25,0,0,6,9,0,0,0.400,547,128 1/3,146,7,31,5,62,62,53
염종석,92508,2007,롯데,4.94,14,0,0,4,8,0,0,0.333,314,71,81,4,24,2,30,43,39
염종석,92508,2008,롯데,3.65,21,0,0,0,1,0,3,0.000,110,24 2/3,28,1,8,2,16,11,10
가득염,92501,1992,롯데,6.82,15,0,0,1,0,0,0,1.000,140,30 1/3,30,3,20,1,16,25,23
가득염,92501,1993,롯데,3.29,25,0,0,1,5,0,0,0.167,217,52,43,1,24,2,37,20,19
가득염,92501,1994,롯데,4.28,27,2,0,8,14,0,0,0.364,682,162,160,11,65,6,83,81,77
가득염,92501,1995,롯데,4.10,39,0,0,7,4,3,0,0.636,407,96 2/3,79,8,40,9,74,52,44
가득염,92501,1996,롯데,3.93,26,0,0,1,1,0,0,0.500,222,50 1/3,49,9,25,2,27,27,22
가득염,92501,1997,롯데,5.71,41,0,0,1,4,1,0,0.200,190,41,50,3,19,2,24,27,26
가득염,92501,1998,롯데,4.13,27,0,0,2,2,1,0,0.500,220,52 1/3,48,5,21,1,30,26,24
가득염,92501,1999,롯데,4.38,48,0,0,1,2,1,0,0.333,214,49 1/3,52,5,16,1,34,26,24
가득염,92501,2000,롯데,5.18,39,0,0,1,2,0,2,0.333,217,48 2/3,48,8,18,5,37,33,28
가득염,92501,2001,롯데,4.26,58,0,0,1,3,2,9,0.250,227,50 2/3,60,4,15,4,42,31,24
가득염,92501,2002,롯데,5.61,50,0,0,0,2,0,8,0.000,116,25 2/3,34,5,9,2,15,19,16
가득염,92501,2003,롯데,5.80,81,0,0,1,1,1,13,0.500,146,35 2/3,32,3,9,4,29,23,23
가득염,92501,2004,롯데,4.91,65,0,0,3,3,0,12,0.500,175,40 1/3,40,2,21,2,25,23,22
가득염,92501,2005,롯데,3.52,35,0,0,0,0,1,2,-,89,23,18,0,1,4,21,9,9
가득염,92501,2006,롯데,5.06,63,0,0,3,3,0,11,0.500,113,26 2/3,23,2,14,0,20,15,15
가득염,92501,2007,SK,4.02,67,0,0,1,0,0,12,1.000,166,40 1/3,35,2,14,3,21,18,18
가득염,92501,2008,SK,5.51,60,0,0,4,3,1,8,0.571,152,32 2/3,42,5,9,3,24,24,20
가득염,92501,2009,SK,6.75,13,0,0,0,0,0,0,-,35,8,7,2,5,0,3,6,6
가득염,92501,2010,SK,4.41,21,0,0,0,0,0,1,-,71,16 1/3,14,1,10,0,12,9,8
곽재성,92517,1993,롯데,0.00,2,0,0,0,0,0,0,-,3,1/3,0,0,1,1,0,0,0
김봉영,92602,1992,해태,8.76,15,0,0,0,0,0,0,-,116,24 2/3,32,5,13,2,10,24,24
김봉영,92602,1994,해태,5.68,11,0,0,0,0,0,0,-,86,19,25,0,7,1,9,12,12
김봉영,92602,1995,해태,10.13,3,0,0,0,0,0,0,-,29,5 1/3,12,2,1,0,2,8,6
김봉영,92602,1996,해태,15.75,2,0,0,0,0,0,0,-,26,4,12,1,4,0,2,9,7
김봉영,92602,1997,해태,5.40,14,0,0,3,1,0,0,0.750,146,33 1/3,43,5,4,4,15,22,20
양승철,92601,1992,해태,6.39,11,0,0,0,2,0,0,0.000,118,25 1/3,36,2,8,1,6,18,18
양승철,92601,1993,해태,4.86,38,0,0,4,0,2,0,1.000,377,87,104,14,20,6,41,55,47
양승철,92601,1994,해태,9.00,1,0,0,0,0,0,0,-,10,2,3,1,0,0,0,3,2
지연규,92701,1992,빙그레,5.97,9,0,0,2,0,0,0,1.000,135,28 2/3,39,4,12,0,12,20,19
지연규,92701,1993,빙그레,3.38,6,0,0,0,2,0,0,0.000,98,24,24,1,8,0,8,10,9
지연규,92701,1994,한화,11.25,4,0,0,0,0,0,0,-,20,4,3,1,6,0,2,5,5
지연규,92701,1995,한화,5.14,9,0,0,1,2,0,0,0.333,134,28,33,1,20,3,8,21,16
지연규,92701,1996,한화,3.38,9,0,0,0,0,0,0,-,43,10 2/3,10,0,3,0,5,4,4
지연규,92701,2001,한화,9.00,3,0,0,0,0,0,0,-,16,3,7,0,2,0,1,3,3
지연규,92701,2002,한화,5.35,20,0,0,4,9,0,0,0.308,348,77 1/3,92,6,29,4,48,49,46
지연규,92701,2003,한화,5.20,12,0,0,2,3,0,0,0.400,196,45,51,6,16,2,8,32,26
지연규,92701,2004,한화,5.57,20,0,0,0,4,3,3,0.000,143,32 1/3,36,4,13,6,17,23,20
지연규,92701,2005,한화,2.84,33,0,0,0,1,20,0,0.000,160,38,30,3,14,6,32,13,12
지연규,92701,2006,한화,2.25,7,0,0,1,1,0,1,0.500,32,8,6,1,3,0,3,2,2
김재성,92702,1992,빙그레,4.70,7,0,0,0,0,0,0,-,70,15 1/3,17,2,7,2,9,10,8
김재성,92702,1994,한화,10.80,3,0,0,0,0,0,0,-,32,6 2/3,10,2,2,0,5,8,8
김재성,92702,1995,한화,54.00,1,0,0,0,0,0,0,-,7,2/3,3,0,2,0,0,4,4
김재성,92702,1996,한화,5.40,17,0,0,2,0,0,0,1.000,99,21 2/3,29,2,3,3,15,13,13
김재성,92702,1997,한화,-,1,0,0,0,0,0,0,-,2,0,0,0,2,0,0,0,0
정민철,92704,1992,빙그레,2.48,33,11,3,14,4,7,0,0.778,785,195 2/3,141,15,68,3,145,61,54
정민철,92704,1993,빙그레,2.24,18,10,1,13,3,1,0,0.813,596,148 1/3,117,10,40,6,110,40,37
정민철,92704,1994,한화,2.15,28,9,4,14,10,0,0,0.583,863,218,156,6,56,7,196,59,52
정민철,92704,1995,한화,3.21,22,8,2,13,7,0,0,0.650,678,162 2/3,152,12,40,10,127,65,58
정민철,92704,1996,한화,3.03,32,9,4,13,12,1,0,0.520,879,219 2/3,173,16,48,9,203,81,74
정민철,92704,1997,한화,2.46,31,10,4,14,11,0,0,0.560,825,208 2/3,172,11,45,4,160,69,57
정민철,92704,1998,한화,3.16,23,1,0,10,7,0,0,0.588,607,148 1/3,133,12,35,2,97,55,52
정민철,92704,1999,한화,3.75,32,2,1,18,8,1,0,0.692,834,201 2/3,179,22,57,12,151,92,84
정민철,92704,2002,한화,5.35,26,0,0,7,13,0,0,0.350,599,138,144,19,39,9,116,83,82
정민철,92704,2003,한화,4.00,26,0,0,11,10,0,0,0.524,598,139 2/3,132,18,51,4,73,65,62
정민철,92704,2004,한화,7.67,13,0,0,0,6,0,0,0.000,260,54,76,11,18,3,22,50,46
정민철,92704,2005,한화,4.82,25,0,0,9,3,0,0,0.750,495,115 2/3,124,14,26,6,56,70,62
정민철,92704,2006,한화,3.93,25,0,0,7,13,0,0,0.350,563,130 2/3,142,18,42,5,62,68,57
정민철,92704,2007,한화,2.90,26,1,1,12,5,0,0,0.706,638,155 1/3,155,11,32,8,66,58,50
정민철,92704,2008,한화,5.23,25,0,0,6,10,0,0,0.375,554,127 1/3,144,13,40,5,56,78,74
정민철,92704,2009,한화,9.87,8,0,0,0,6,0,0,0.000,158,31,54,7,18,0,21,36,34
방극천,92801,1994,쌍방울,3.00,1,0,0,0,0,0,0,-,12,3,0,0,3,0,0,1,1
방극천,92801,1995,쌍방울,0.00,1,0,0,0,0,0,0,-,2,2/3,0,0,0,0,1,0,0
신현대,92803,1992,쌍방울,9.00,5,0,0,0,0,0,0,-,60,11,18,4,8,1,5,12,11
황태호,92806,1992,쌍방울,81.00,1,0,0,0,0,0,0,-,4,1/3,3,0,0,0,0,3,3
임창식,92802,1992,쌍방울,4.95,13,0,0,0,4,0,0,0.000,157,36 1/3,29,6,24,4,18,22,20
임창식,92802,1993,쌍방울,5.29,7,0,0,0,1,0,0,0.000,79,17,20,0,13,3,9,12,10
임창식,92802,1994,쌍방울,5.40,3,0,0,0,2,0,0,0.000,30,6 2/3,6,0,7,0,4,4,4
임창식,92802,1997,쌍방울,3.77,19,0,0,5,0,0,0,1.000,241,59 2/3,49,5,21,2,24,25,25
임창식,92802,1998,쌍방울,3.56,36,0,0,2,2,1,0,0.500,365,83 1/3,76,7,35,14,35,45,33
임창식,92802,1999,한화,5.66,40,0,0,1,4,1,0,0.200,222,49 1/3,54,6,24,5,14,33,31
노종우,92913,1996,현대,0.00,2,0,0,0,0,0,0,-,14,4,2,0,0,0,1,0,0
노종우,92913,1997,현대,6.75,1,0,0,0,0,0,0,-,19,4,4,1,3,0,2,3,3
김유진,92914,1992,LG,9.00,1,0,0,0,1,0,0,0.000,4,1,1,0,0,1,1,1,1
김유진,92914,1994,LG,0.00,1,0,0,0,0,0,0,-,8,2,2,0,0,0,1,0,0
김유진,92914,1998,쌍방울,3.17,29,0,0,0,2,0,0,0.000,224,54,53,4,14,2,29,24,19
김유진,92914,1999,쌍방울,7.11,7,0,0,0,0,0,0,-,60,12 2/3,20,1,4,0,6,11,10
차명석,92901,1992,LG,3.92,27,1,0,0,5,2,0,0.000,363,85,77,5,31,6,52,40,37
차명석,92901,1993,LG,4.88,35,2,0,7,9,1,0,0.438,559,125 1/3,146,11,38,9,61,77,68
차명석,92901,1994,LG,4.28,26,0,0,2,3,1,0,0.400,264,61,69,4,19,3,24,32,29
차명석,92901,1995,LG,2.66,9,0,0,1,1,0,0,0.500,84,20 1/3,24,0,4,0,6,6,6
차명석,92901,1996,LG,4.04,31,0,0,4,4,1,0,0.500,309,71 1/3,81,7,15,5,34,35,32
차명석,92901,1997,LG,2.79,68,0,0,11,4,7,0,0.733,475,119 1/3,100,7,31,8,66,37,37
차명석,92901,1998,LG,3.96,56,0,0,3,4,3,0,0.429,316,77 1/3,78,8,18,2,43,39,34
차명석,92901,1999,LG,3.46,50,0,0,7,2,2,0,0.778,284,67 2/3,68,7,18,6,45,27,26
차명석,92901,2000,LG,4.82,54,0,0,3,4,2,11,0.429,326,74 2/3,84,11,27,2,50,40,40
차명석,92901,2001,LG,8.64,9,0,0,0,1,0,0,0.000,47,8 1/3,16,1,7,0,6,9,8
강봉수,93121,1993,LG,1.94,45,0,0,5,2,4,0,0.714,332,79,71,2,35,3,41,20,17
강봉수,93121,1994,LG,2.61,37,0,0,2,1,4,0,0.667,161,38,35,1,15,1,22,18,11
강봉수,93121,1995,LG,5.87,27,0,0,0,2,0,0,0.000,108,23,32,1,7,1,12,16,15
강봉수,93121,1996,한화,5.74,22,0,0,0,1,1,0,0.000,70,15 2/3,16,3,9,1,6,10,10
민원기,92915,1992,LG,4.56,33,0,0,1,1,1,0,0.500,220,47 1/3,54,3,32,2,28,24,24
민원기,92915,1993,LG,3.10,32,0,0,1,0,0,0,1.000,242,58,54,4,16,5,25,24,20
민원기,92915,1994,LG,3.27,27,0,0,1,1,2,0,0.500,124,33,24,4,8,0,12,13,12
민원기,92915,1995,LG,7.16,13,0,0,0,0,0,0,-,85,16 1/3,25,2,11,0,10,15,13
민원기,92915,1996,LG,5.40,21,0,0,0,2,0,0,0.000,90,20,18,2,14,1,12,13,12
민원기,92915,1997,LG,1.98,31,0,0,0,0,0,0,-,55,13 2/3,12,2,6,1,5,4,3
민원기,92915,1998,LG,8.44,9,0,0,0,0,0,0,-,31,5 1/3,10,2,2,1,1,8,5
이상훈,93147,1993,LG,3.76,28,7,3,9,9,0,0,0.500,635,150 2/3,129,10,75,3,131,65,63
이상훈,93147,1994,LG,2.47,27,6,2,18,8,0,0,0.692,754,189 2/3,140,9,57,7,148,58,52
이상훈,93147,1995,LG,2.01,30,12,3,20,5,0,0,0.800,867,228 1/3,150,12,48,3,142,61,51
이상훈,93147,1996,LG,2.54,41,0,0,3,3,10,0,0.500,401,99 1/3,70,8,37,5,95,32,28
이상훈,93147,1997,LG,2.11,57,0,0,10,6,37,0,0.625,336,85 1/3,56,6,25,2,103,23,20
이상훈,93147,2002,LG,1.68,52,0,0,7,2,18,0,0.778,343,85 2/3,53,8,30,3,92,18,16
이상훈,93147,2003,LG,3.34,55,0,0,4,4,30,0,0.500,233,56 2/3,42,4,21,0,55,22,21
이상훈,93147,2004,SK,5.14,18,0,0,0,3,3,1,0.000,61,14,11,2,9,0,15,8,8
김혁섭,93155,1999,LG,5.23,17,0,0,0,2,0,0,0.000,137,31,30,2,15,2,19,19,18
김혁섭,93155,2001,LG,3.86,8,0,0,1,0,0,0,1.000,56,11 2/3,10,0,10,1,6,5,5
김경원,93219,1993,OB,1.11,48,0,0,9,3,23,0,0.750,500,129 1/3,77,3,50,7,126,17,16
김경원,93219,1994,OB,4.95,19,0,0,1,2,4,0,0.333,149,36 1/3,33,6,12,1,22,22,20
김경원,93219,1995,OB,2.93,44,0,0,6,3,15,0,0.667,299,73 2/3,47,6,38,2,65,27,24
김경원,93219,1996,OB,3.42,29,0,0,3,7,9,0,0.300,199,47 1/3,40,3,20,1,42,19,18
김경원,93219,1997,OB,1.96,48,0,0,3,2,24,0,0.600,292,73 1/3,49,2,22,6,73,18,16
김경원,93219,1998,OB,3.02,34,0,0,6,6,5,0,0.500,220,53 2/3,45,5,18,2,37,20,18
김경원,93219,1999,한화,5.62,34,0,0,3,3,0,0,0.500,361,81 2/3,89,8,34,8,38,57,51
김경원,93219,2000,한화,6.34,29,0,0,4,9,0,1,0.308,387,82 1/3,94,14,50,4,39,61,58
김경원,93219,2001,한화,6.45,18,0,0,1,1,0,5,0.500,99,22 1/3,22,4,8,5,16,21,16
박상근,93217,1993,OB,3.95,8,0,0,0,0,0,0,-,65,13 2/3,14,0,10,1,10,8,6
박상근,93217,1994,OB,7.07,6,0,0,0,0,0,0,-,59,14,13,2,7,1,9,11,11
박상근,93217,1996,OB,2.58,19,1,1,1,0,1,0,1.000,238,59 1/3,36,2,39,2,39,18,17
박상근,93217,1998,쌍방울,5.31,27,0,0,1,2,0,0,0.333,201,42 1/3,43,5,29,3,35,29,25
박상근,93217,1999,쌍방울,8.56,14,0,0,0,5,0,0,0.000,208,41,60,8,28,1,29,48,39
박상근,93217,2000,SK,4.30,19,0,0,0,1,0,0,0.000,195,44,38,3,34,1,21,22,21
박상근,93217,2001,SK,7.22,26,0,0,0,1,0,0,0.000,138,28 2/3,31,4,19,4,15,23,23
조한철,93156,1995,쌍방울,4.83,17,0,0,0,0,0,0,-,137,31 2/3,39,3,7,2,10,18,17
최승민,93166,1994,LG,5.40,3,0,0,0,0,0,0,-,7,1 2/3,0,0,2,0,0,1,1
최승민,93166,1995,LG,5.00,6,0,0,0,0,0,0,-,41,9,11,0,2,0,6,5,5
최승민,93166,1996,LG,4.33,20,0,0,0,3,1,0,0.000,226,52,50,5,22,6,25,30,25
최승민,93166,1997,LG,3.12,18,0,0,1,0,0,0,1.000,107,26,26,2,3,2,9,11,9
최승민,93166,1999,쌍방울,10.24,6,0,0,0,0,0,0,-,50,9 2/3,18,2,4,1,4,11,11
이용호,93245,1993,OB,12.27,3,0,0,0,0,0,0,-,20,3 2/3,1,0,6,1,4,5,5
이용호,93245,1994,OB,2.15,7,0,0,2,2,0,0,0.500,124,29 1/3,27,0,15,0,15,9,7
이용호,93245,1995,OB,1.95,40,0,0,3,5,10,0,0.375,385,101 2/3,58,5,34,1,68,26,22
이용호,93245,1996,OB,4.24,23,0,0,2,1,1,0,0.667,194,40 1/3,44,5,34,2,18,24,19
이용호,93245,1997,OB,9.00,11,0,0,1,0,0,0,1.000,65,12,18,3,11,0,7,12,12
이용호,93245,2000,두산,7.45,10,0,0,0,0,0,0,-,44,9 2/3,13,4,4,0,9,8,8
이용호,93245,2002,LG,0.00,1,0,0,0,0,0,1,-,3,1,0,0,0,0,0,0,0
김홍집,93311,1993,태평양,3.64,21,4,0,7,8,2,0,0.467,508,116 1/3,113,5,56,4,109,54,47
김홍집,93311,1994,태평양,3.20,20,5,0,12,3,0,0,0.800,519,126 2/3,112,8,40,4,89,49,45
김홍집,93311,1995,태평양,3.64,16,1,0,6,7,0,0,0.462,396,94,80,7,47,2,56,40,38
김홍집,93311,1996,현대,5.14,10,0,0,0,0,0,0,-,32,7,6,1,6,0,3,4,4
김홍집,93311,1997,현대,6.14,8,0,0,1,4,0,0,0.200,143,29 1/3,32,3,16,3,19,24,20
김홍집,93311,1998,현대,5.48,26,0,0,0,1,0,0,0.000,89,21 1/3,19,0,10,2,19,14,13
김홍집,93311,1999,현대,5.02,59,0,0,2,2,4,0,0.500,223,52,51,6,20,1,45,31,29
김홍집,93311,2000,현대,9.00,13,0,0,0,0,0,1,-,38,6,12,0,6,0,7,9,6
김홍집,93311,2001,한화,2.45,28,0,0,1,0,0,2,1.000,82,18 1/3,20,0,9,0,14,5,5
김홍집,93311,2002,한화,4.44,39,0,0,0,0,1,4,-,121,26 1/3,30,4,9,6,17,15,13
김홍집,93311,2003,한화,10.57,15,0,0,0,0,0,4,-,40,7 2/3,11,3,5,1,5,9,9
노승욱,93357,1993,태평양,3.76,28,3,0,3,10,0,0,0.231,531,127,126,8,36,11,56,56,53
노승욱,93357,1994,태평양,4.86,24,0,0,0,1,0,0,0.000,240,50,74,3,11,8,29,30,27
노승욱,93357,1995,태평양,3.39,26,1,0,1,4,0,0,0.200,313,71 2/3,76,6,21,11,55,34,27
노승욱,93357,1998,현대,9.00,3,0,0,0,0,0,0,-,25,5,9,2,0,1,0,6,5
노승욱,93357,2001,현대,9.00,1,0,0,0,0,0,0,-,11,2,5,0,0,0,2,2,2
노승욱,93357,2002,롯데,5.35,19,0,0,2,1,0,0,0.667,156,35 1/3,38,5,11,6,23,21,21
노승욱,93357,2003,롯데,4.48,78,0,0,2,2,1,13,0.500,406,94 1/3,113,13,17,11,45,49,47
노승욱,93357,2004,롯데,5.83,29,0,0,0,1,0,2,0.000,129,29 1/3,34,5,7,6,11,20,19
노승욱,93357,2005,롯데,3.12,11,0,0,0,0,0,1,-,35,8 2/3,8,0,2,2,7,3,3
노승욱,93357,2006,롯데,4.58,24,0,0,2,0,0,1,1.000,79,17 2/3,21,2,4,1,10,9,9
김민범,93367,1994,태평양,13.50,6,0,0,0,1,0,0,0.000,14,2 2/3,4,0,2,0,3,4,4
김민범,93367,1995,태평양,7.94,16,0,0,0,0,0,0,-,64,11 1/3,21,1,8,1,10,13,10
김민범,93367,1999,현대,3.38,52,0,0,0,1,1,0,0.000,119,29 1/3,22,2,12,1,20,12,11
김민범,93367,2000,현대,9.53,30,0,0,1,0,0,2,1.000,58,11 1/3,17,1,5,1,13,15,12
김민범,93367,2001,현대,4.24,32,0,0,0,0,0,2,-,82,17,21,2,7,1,13,9,8
김민범,93367,2002,현대,0.00,15,0,0,0,0,0,1,-,34,10,5,0,0,1,5,0,0
김민범,93367,2004,현대,0.00,18,0,0,0,0,0,0,-,31,7 2/3,4,0,4,0,4,0,0
김민범,93367,2005,현대,5.09,41,0,0,0,0,0,1,-,97,23,23,1,3,3,21,13,13
김민범,93367,2006,현대,6.48,23,0,0,0,0,0,1,-,42,8 1/3,11,0,6,0,7,8,6
김민범,93367,2007,현대,-,1,0,0,0,0,0,0,-,1,0,0,0,1,0,0,0,0
박충식,93417,1993,삼성,2.54,32,7,2,14,7,2,0,0.667,619,155 2/3,122,10,40,11,97,51,44
박충식,93417,1994,삼성,2.35,32,13,3,14,8,3,0,0.636,806,203 1/3,174,16,28,10,130,64,53
박충식,93417,1995,삼성,3.16,19,4,2,9,6,0,0,0.600,520,128,106,10,27,12,72,55,45
박충식,93417,1996,삼성,2.01,29,2,0,8,2,12,0,0.800,337,89 2/3,67,4,7,7,56,23,20
박충식,93417,1997,삼성,4.32,31,3,0,13,6,2,0,0.684,716,170 2/3,174,18,29,16,92,91,82
박충식,93417,1998,삼성,3.45,24,4,0,11,10,0,0,0.524,660,159 1/3,163,14,25,15,100,68,61
박충식,93417,1999,삼성,0.00,3,0,0,0,0,0,0,-,15,4,2,0,1,0,3,0,0
박충식,93417,2001,KIA,3.19,23,0,0,3,2,3,1,0.600,120,31,23,5,4,3,18,11,11
박충식,93417,2002,KIA,3.97,48,0,0,5,3,8,12,0.625,191,47 2/3,46,5,5,3,33,21,21
김종국,93425,1994,삼성,16.20,1,0,0,0,0,0,0,-,9,1 2/3,3,1,1,0,1,3,3
김현욱,93453,1993,삼성,2.45,6,0,0,0,0,0,0,-,45,11,13,1,4,0,5,4,3
김현욱,93453,1996,쌍방울,2.63,49,0,0,4,1,3,0,0.800,419,99 1/3,96,1,33,10,74,31,29
김현욱,93453,1997,쌍방울,1.88,70,0,0,20,2,6,0,0.909,600,157 2/3,111,5,29,11,135,40,33
김현욱,93453,1998,쌍방울,3.34,68,0,0,13,7,4,0,0.650,525,129 1/3,114,13,34,11,93,50,48
김현욱,93453,1999,삼성,3.97,54,0,0,6,4,1,0,0.600,403,93,95,12,30,6,55,47,41
김현욱,93453,2000,삼성,3.14,63,0,0,4,7,2,10,0.364,450,109,101,7,29,6,105,43,38
김현욱,93453,2001,삼성,4.42,54,0,0,6,6,4,14,0.500,403,95 2/3,90,9,32,4,97,49,47
김현욱,93453,2002,삼성,2.11,64,0,0,10,0,2,9,1.000,301,76 2/3,62,4,18,2,71,20,18
김현욱,93453,2003,삼성,2.00,63,0,0,8,2,0,13,0.800,336,85 2/3,63,7,19,5,73,23,19
김현욱,93453,2004,삼성,5.88,28,0,0,0,2,0,8,0.000,112,26,24,3,6,4,28,18,17
최한경,93475,1993,삼성,2.87,12,0,0,0,0,0,0,-,65,15 2/3,12,0,6,0,16,5,5
최한경,93475,1994,삼성,3.28,41,0,0,6,7,9,0,0.462,428,101 2/3,84,6,42,3,102,45,37
최한경,93475,1995,삼성,5.70,21,0,0,7,4,0,0,0.636,381,83 2/3,72,8,54,12,55,58,53
최한경,93475,1996,삼성,3.38,14,0,0,1,2,0,0,0.333,195,42 2/3,42,3,25,3,20,24,16
김경환,93547,1995,롯데,5.89,9,0,0,1,1,0,0,0.500,77,18 1/3,19,2,6,0,16,12,12
김정훈,93550,1993,롯데,6.84,11,0,0,1,0,0,0,1.000,122,25,32,3,18,0,8,24,19
김정훈,93550,1994,롯데,5.54,4,0,0,0,1,0,0,0.000,61,13,19,3,7,1,5,8,8
고성범,93552,1993,롯데,0.00,1,0,0,0,0,0,0,-,4,1,1,0,1,0,0,0,0
고성범,93552,1994,롯데,4.05,9,0,0,0,0,0,0,-,49,13 1/3,8,2,5,0,9,6,6
고성범,93552,1995,롯데,40.50,1,0,0,0,0,0,0,-,6,2/3,4,1,0,0,0,3,3
서정민,93551,1994,롯데,12.23,10,0,0,0,1,0,0,0.000,97,17 2/3,22,1,23,0,14,25,24
이대진,93626,1993,해태,3.11,31,3,0,10,5,2,0,0.667,537,124 1/3,113,8,59,4,97,48,43
이대진,93626,1994,해태,4.20,31,1,0,7,8,3,0,0.467,574,137,115,20,56,5,90,77,64
이대진,93626,1995,해태,2.57,24,7,2,14,6,0,0,0.700,673,168 1/3,131,14,43,8,163,56,48
이대진,93626,1996,해태,2.37,31,4,2,16,8,3,0,0.667,624,159 2/3,114,13,40,5,146,48,42
이대진,93626,1997,해태,3.14,28,3,1,17,6,1,0,0.739,750,180 2/3,154,14,65,10,140,68,63
이대진,93626,1998,해태,3.26,28,2,1,12,11,0,0,0.522,755,179 1/3,173,17,55,9,183,71,65
이대진,93626,1999,해태,2.45,1,0,0,0,0,0,0,-,17,3 2/3,3,0,3,1,0,1,1
이대진,93626,2000,해태,3.17,37,1,0,8,6,13,0,0.571,451,105,96,12,43,4,117,41,37
이대진,93626,2003,KIA,9.45,4,0,0,1,1,0,0,0.500,66,13 1/3,18,3,7,1,13,15,14
이대진,93626,2004,KIA,10.57,3,0,0,0,1,0,0,0.000,40,7 2/3,9,4,9,0,7,11,9
이대진,93626,2006,KIA,18.00,1,0,0,0,0,0,0,-,7,1,3,1,1,0,1,2,2
이대진,93626,2007,KIA,4.11,17,0,0,7,6,0,0,0.538,335,76 2/3,65,5,45,4,47,37,35
이대진,93626,2008,KIA,4.83,20,0,0,5,10,0,0,0.333,385,85 2/3,88,5,50,7,37,49,46
이대진,93626,2009,KIA,6.33,10,0,0,3,5,0,0,0.375,192,42 2/3,45,6,22,5,25,31,30
이대진,93626,2010,KIA,6.55,14,0,0,0,0,0,2,-,116,22,31,1,19,5,14,21,16
이대진,93626,2011,LG,0.00,2,0,0,0,0,0,0,-,5,1,0,0,2,0,1,0,0
이대진,93626,2012,LG,13.50,1,0,0,0,1,0,0,0.000,19,3 1/3,5,0,4,1,0,6,5
이재만,93642,1993,해태,5.09,16,0,0,0,0,2,0,-,153,35 1/3,36,5,13,1,18,21,20
이재만,93642,1994,해태,3.90,16,0,0,0,0,0,0,-,137,32 1/3,37,5,8,1,12,16,14
이재만,93642,1996,해태,3.00,24,0,0,1,1,0,0,0.500,133,33,23,3,16,1,19,12,11
이재만,93642,1997,해태,5.84,25,0,0,0,2,1,0,0.000,158,37,39,8,8,3,12,24,24
이재만,93642,1998,해태,6.48,7,0,0,0,1,0,0,0.000,36,8 1/3,8,1,3,1,8,6,6
이재만,93642,1999,두산,54.00,1,0,0,0,1,0,0,0.000,3,1/3,1,0,1,0,0,2,2
이우혁,93621,1993,해태,0.00,1,0,0,0,0,0,0,-,3,1/3,1,0,1,0,0,0,0
이우혁,93621,1994,해태,3.29,6,0,0,0,0,0,0,-,53,13 2/3,13,2,2,0,2,6,5
이우혁,93621,1995,해태,4.95,17,0,0,0,1,1,0,0.000,160,36 1/3,35,3,15,4,28,21,20
이우혁,93621,1999,해태,7.71,17,0,0,0,1,1,0,0.000,167,35,48,7,11,8,18,32,30
박진철,93628,1993,해태,0.00,1,0,0,1,0,0,0,1.000,7,2,1,0,0,0,1,0,0
박진철,93628,1995,해태,-,1,0,0,0,0,0,0,-,2,0,2,0,0,0,0,2,1
박진철,93628,1997,해태,6.23,8,0,0,1,0,0,0,1.000,99,21 2/3,18,2,11,4,16,15,15
박진철,93628,1998,해태,6.12,30,0,0,1,4,0,0,0.200,230,50,62,3,19,9,16,36,34
박진철,93628,1999,해태,5.20,32,0,0,3,7,0,0,0.300,509,114 1/3,135,10,39,13,68,73,66
박진철,93628,2000,해태,5.91,29,0,0,0,5,0,1,0.000,298,64,81,12,22,11,33,49,42
박진철,93628,2001,KIA,4.94,27,0,0,5,4,1,0,0.556,385,85 2/3,102,12,28,10,42,51,47
박진철,93628,2002,KIA,4.00,7,0,0,1,3,0,0,0.250,114,27,21,2,10,4,7,15,12
조용수,93677,1993,해태,7.20,2,0,0,0,0,0,0,-,21,5,6,1,1,1,1,4,4
구대성,93715,1993,빙그레,2.53,6,0,0,2,1,0,0,0.667,89,21 1/3,18,0,12,0,11,6,6
구대성,93715,1994,한화,2.60,34,2,0,7,8,12,0,0.467,500,121,89,8,58,4,128,42,35
구대성,93715,1995,한화,3.54,47,6,0,4,14,18,0,0.222,660,155,127,18,72,11,161,77,61
구대성,93715,1996,한화,1.88,55,1,0,18,3,24,0,0.857,521,139,79,7,27,6,183,32,29
구대성,93715,1997,한화,3.16,47,0,0,8,8,25,0,0.500,417,102 2/3,65,7,41,8,134,38,36
구대성,93715,1998,한화,2.55,59,0,0,8,7,24,0,0.533,500,123 2/3,87,5,52,5,129,45,35
구대성,93715,1999,한화,3.09,55,0,0,8,9,26,0,0.471,503,119 1/3,95,13,48,5,138,44,41
구대성,93715,2000,한화,2.77,48,0,0,6,7,21,0,0.462,540,133 1/3,98,13,47,8,136,47,41
구대성,93715,2006,한화,1.82,59,0,0,3,4,37,1,0.429,282,69 1/3,56,4,18,5,76,17,14
구대성,93715,2007,한화,3.19,43,0,0,1,6,26,0,0.143,173,42 1/3,41,3,12,0,37,17,15
구대성,93715,2008,한화,3.48,38,0,0,2,3,0,9,0.400,167,41 1/3,39,2,14,2,29,17,16
구대성,93715,2009,한화,3.72,71,0,0,0,0,1,8,-,224,55 2/3,54,5,11,3,56,24,23
구대성,93715,2010,한화,9.64,7,0,0,0,1,0,0,0.000,25,4 2/3,7,2,3,0,3,6,5
노장진,93728,1993,빙그레,4.41,26,1,0,3,10,3,0,0.231,440,100,88,4,59,3,93,57,49
노장진,93728,1997,한화,5.47,35,0,0,6,10,0,0,0.375,587,133 1/3,124,21,89,2,81,84,81
노장진,93728,1998,한화,5.24,35,1,0,7,10,0,0,0.412,666,149 1/3,150,20,81,3,104,91,87
노장진,93728,1999,삼성,4.35,33,2,1,15,9,0,0,0.625,842,188 1/3,180,17,102,14,173,100,91
노장진,93728,2000,삼성,4.29,28,1,0,11,8,0,0,0.579,623,138 1/3,142,15,86,3,103,72,66
노장진,93728,2001,삼성,4.62,22,0,0,7,2,1,1,0.778,406,85 2/3,88,10,61,6,57,47,44
노장진,93728,2002,삼성,2.54,63,0,0,11,5,23,1,0.688,515,127 1/3,98,15,54,0,146,38,36
노장진,93728,2003,삼성,4.12,53,0,0,9,10,21,1,0.474,364,83,73,8,48,5,87,40,38
노장진,93728,2004,롯데,4.11,34,0,0,1,0,17,1,1.000,215,46,51,7,28,2,55,22,21
노장진,93728,2005,롯데,2.45,35,0,0,1,2,18,0,0.333,125,33,19,3,7,2,52,9,9
노장진,93728,2006,롯데,4.66,42,0,0,3,4,6,5,0.429,223,48 1/3,44,5,36,3,32,25,25
성영재,93817,1993,쌍방울,4.03,24,5,0,1,13,0,0,0.071,517,116,111,7,66,7,75,59,52
성영재,93817,1994,쌍방울,4.95,28,3,1,7,10,0,0,0.412,643,147 1/3,155,12,66,15,85,84,81
성영재,93817,1995,쌍방울,5.08,27,5,1,9,14,0,0,0.391,682,154,168,17,64,11,92,92,87
성영재,93817,1996,쌍방울,2.37,24,5,3,10,5,0,0,0.667,591,148,122,10,38,11,92,43,39
성영재,93817,1997,쌍방울,2.43,23,1,1,5,6,0,0,0.455,449,107 1/3,93,10,32,15,80,32,29
성영재,93817,1998,쌍방울,3.51,36,3,1,7,9,1,0,0.438,601,141,145,15,34,14,76,67,55
성영재,93817,1999,쌍방울,6.10,31,1,0,5,16,2,0,0.238,599,131 1/3,155,29,47,10,74,95,89
성영재,93817,2000,해태,4.84,31,1,1,7,7,0,2,0.500,504,111 2/3,133,17,43,13,74,64,60
성영재,93817,2001,KIA,5.72,39,0,0,5,4,3,6,0.556,267,61 1/3,67,8,23,3,36,42,39
성영재,93817,2002,KIA,9.00,1,0,0,0,0,0,0,-,5,1,3,1,0,0,0,1,1
성영재,93817,2003,LG,3.24,24,0,0,1,1,2,2,0.500,152,33 1/3,37,1,13,3,17,13,12
성영재,93817,2004,LG,3.46,16,0,0,1,0,0,4,1.000,54,13,14,2,4,0,6,5,5
강희석,93862,1994,쌍방울,3.48,9,0,0,1,0,0,0,1.000,84,20 2/3,15,3,8,1,8,8,8
강희석,93862,1995,쌍방울,14.73,4,0,0,0,0,0,0,-,21,3 2/3,7,2,4,0,1,6,6
강희석,93862,1999,쌍방울,5.14,13,0,0,1,4,0,0,0.200,214,49,48,6,17,3,19,36,28
강희석,93862,2000,SK,7.56,37,0,0,1,8,1,0,0.111,462,97 2/3,123,17,43,7,62,87,82
강희석,93862,2001,SK,4.43,12,0,0,0,0,0,0,-,104,22 1/3,26,4,9,1,18,15,11
최동수,94132,2009,LG,0.00,1,0,0,0,0,0,0,-,1,1/3,0,0,0,0,0,0,0
신윤호,94126,1995,LG,1.80,2,0,0,0,0,0,0,-,27,5,7,0,2,1,4,3,1
신윤호,94126,1996,LG,11.25,2,0,0,0,0,0,0,-,25,4,7,0,6,2,1,6,5
신윤호,94126,1998,LG,4.64,34,0,0,2,1,0,0,0.667,279,64,53,6,37,6,43,34,33
신윤호,94126,1999,LG,5.79,10,0,0,0,0,0,0,-,150,32 2/3,39,2,15,1,23,23,21
신윤호,94126,2000,LG,13.50,5,0,0,0,1,0,0,0.000,28,4 2/3,10,1,3,0,4,7,7
신윤호,94126,2001,LG,3.12,70,0,0,15,6,18,0,0.714,629,144 1/3,129,8,79,12,99,58,50
신윤호,94126,2002,LG,6.45,37,0,0,4,3,1,2,0.571,283,60,76,9,23,10,44,47,43
신윤호,94126,2003,LG,13.50,4,0,0,0,1,0,0,0.000,11,2,5,2,1,0,1,3,3
신윤호,94126,2004,LG,5.43,54,0,0,6,3,0,3,0.667,313,69 2/3,77,12,34,6,36,45,42
신윤호,94126,2005,LG,6.25,29,0,0,1,4,9,1,0.200,150,31 2/3,44,3,15,1,15,25,22
신윤호,94126,2006,LG,6.35,14,0,0,0,0,0,0,-,100,22 2/3,27,1,7,1,13,17,16
신윤호,94126,2007,LG,4.50,10,0,0,0,1,0,0,0.000,68,14,20,0,8,1,11,7,7
신윤호,94126,2008,SK,27.00,2,0,0,0,0,0,0,-,8,2/3,3,0,3,0,1,3,2
신윤호,94126,2014,SK,9.00,2,0,0,0,0,0,0,-,17,3,8,1,2,0,1,3,3
박철홍,94161,1994,LG,3.69,18,0,0,3,1,1,0,0.750,171,39,32,0,20,3,17,20,16
박철홍,94161,1995,LG,3.09,28,4,1,9,5,2,0,0.643,480,116 2/3,98,7,29,9,46,48,40
박철홍,94161,1996,LG,3.91,43,0,0,3,9,2,0,0.250,554,131 1/3,137,8,28,18,61,65,57
박철홍,94161,1999,LG,6.27,12,0,0,1,1,0,0,0.500,78,18 2/3,15,3,6,1,13,14,13
박철홍,94161,2000,LG,7.71,4,0,0,0,0,0,0,-,36,7,14,2,1,0,1,7,6
박철홍,94161,2001,LG,11.25,3,0,0,0,0,0,0,-,19,4,6,1,2,1,1,5,5
인현배,94134,1994,LG,4.19,23,3,2,10,5,0,0,0.667,527,124 2/3,125,9,42,9,44,62,58
인현배,94134,1997,LG,3.00,2,0,0,0,0,0,0,-,13,3,2,1,1,1,3,1,1
인현배,94134,1998,LG,3.00,3,0,0,0,0,0,0,-,14,3,4,1,0,0,2,1,1
인현배,94134,1999,LG,6.75,11,0,0,0,1,0,0,0.000,70,16,20,2,5,2,7,13,12
인현배,94134,2000,LG,4.35,6,0,0,0,0,0,0,-,47,10 1/3,11,2,4,2,8,7,5
나영철,94230,1994,OB,1.38,4,0,0,0,0,0,0,-,57,13,11,0,4,3,6,5,2
나영철,94230,1995,OB,9.00,1,0,0,0,0,0,0,-,6,1,2,0,1,1,1,1,1
박창현,94163,1994,LG,0.00,2,0,0,1,0,0,0,1.000,16,4,4,0,2,0,1,0,0
박창현,94163,1995,LG,10.13,4,0,0,0,0,0,0,-,16,2 2/3,7,0,1,0,0,3,3
박창현,94163,1998,쌍방울,4.50,3,0,0,0,0,0,0,-,9,2,2,0,0,0,1,2,1
박창현,94163,1999,쌍방울,6.88,28,0,0,0,2,0,0,0.000,81,17,18,2,9,5,10,13,13
한태균,94215,1994,OB,2.21,23,0,0,0,2,0,0,0.000,230,57,46,1,10,6,26,16,14
한태균,94215,1995,OB,3.14,16,0,0,1,0,0,0,1.000,124,28 2/3,31,3,12,1,11,12,10
한태균,94215,1996,OB,3.38,34,0,0,4,1,1,0,0.800,220,50 2/3,57,2,12,6,21,22,19
한태균,94215,1997,OB,4.59,17,0,0,0,1,0,0,0.000,152,33 1/3,35,2,15,3,18,21,17
한태균,94215,1998,OB,2.79,20,0,0,1,0,0,0,1.000,122,29,31,2,9,1,16,12,9
한태균,94215,1999,두산,4.50,6,0,0,0,0,0,0,-,28,6,8,0,2,0,3,4,3
한태균,94215,2000,두산,4.49,38,0,0,6,7,0,2,0.462,453,102 1/3,109,7,41,10,66,55,51
한태균,94215,2001,두산,8.21,34,0,0,3,1,0,3,0.750,282,57,91,6,25,5,24,54,52
한태균,94215,2003,두산,7.71,3,0,0,0,0,0,1,-,14,2 1/3,6,1,2,0,4,2,2
류택현,94228,1994,OB,3.76,13,0,0,0,1,0,0,0.000,113,26 1/3,26,2,13,1,24,11,11
류택현,94228,1995,OB,10.80,8,0,0,0,0,0,0,-,16,3 1/3,3,0,4,0,2,4,4
류택현,94228,1996,OB,2.57,47,0,0,0,1,1,0,0.000,160,35,32,1,21,2,28,11,10
류택현,94228,1997,OB,3.38,48,0,0,0,2,0,0,0.000,174,40,35,1,24,0,36,18,15
류택현,94228,1998,OB,7.26,49,0,0,0,2,1,0,0.000,149,31,38,6,21,2,20,27,25
류택현,94228,1999,LG,5.19,33,0,0,1,0,0,0,1.000,191,43 1/3,45,8,17,2,38,27,25
류택현,94228,2000,LG,6.49,38,0,0,3,2,0,1,0.600,187,43,46,6,11,3,42,31,31
류택현,94228,2001,LG,7.46,45,0,0,3,2,1,6,0.600,167,35,38,8,23,5,34,29,29
류택현,94228,2002,LG,4.11,77,0,0,0,2,0,13,0.000,190,46,40,9,14,1,46,25,21
류택현,94228,2003,LG,3.11,75,0,0,1,2,0,12,0.333,162,37 2/3,33,6,19,4,44,14,13
류택현,94228,2004,LG,3.38,85,0,0,0,3,1,17,0.000,224,50 2/3,49,2,22,2,53,22,19
류택현,94228,2005,LG,3.63,69,0,0,0,5,0,13,0.000,221,52,51,3,16,5,41,25,21
류택현,94228,2006,LG,5.19,16,0,0,0,1,1,4,0.000,41,8 2/3,11,0,4,0,8,5,5
류택현,94228,2007,LG,2.70,81,0,0,0,3,0,23,0.000,176,40,37,1,22,0,36,13,12
류택현,94228,2008,LG,11.05,38,0,0,0,1,0,2,0.000,81,14 2/3,27,1,9,1,10,18,18
류택현,94228,2009,LG,2.96,73,0,0,4,1,1,12,0.800,187,48 2/3,38,2,14,3,33,16,16
류택현,94228,2010,LG,7.71,16,0,0,0,0,0,0,-,28,4 2/3,10,0,4,1,3,6,4
류택현,94228,2012,LG,3.33,30,0,0,3,1,0,3,0.750,98,24 1/3,20,2,8,1,15,9,9
류택현,94228,2013,LG,3.07,58,0,0,0,0,0,16,-,125,29 1/3,31,2,6,2,23,10,10
류택현,94228,2014,LG,27.00,2,0,0,0,0,0,0,-,6,1,3,2,0,1,0,3,3
홍우태,94227,1994,OB,3.52,32,5,1,7,11,2,0,0.389,625,148 1/3,136,11,65,6,85,68,58
홍우태,94227,1995,OB,2.57,3,0,0,0,0,0,0,-,33,7,10,0,3,0,0,3,2
홍우태,94227,1996,OB,6.92,15,0,0,0,2,0,0,0.000,123,26,31,8,11,1,20,25,20
홍우태,94227,1997,한화,7.45,5,0,0,0,0,0,0,-,43,9 2/3,11,1,5,1,4,8,8
홍우태,94227,1998,한화,4.66,24,0,0,0,0,0,0,-,168,36 2/3,51,2,14,1,26,19,19
홍우태,94227,1999,한화,6.18,31,0,0,1,2,0,0,0.333,204,43 2/3,52,8,18,4,39,38,30
홍우태,94227,2000,한화,6.90,18,0,0,0,3,0,0,0.000,199,44 1/3,48,4,22,2,29,35,34
홍우태,94227,2001,한화,7.06,25,0,0,1,4,0,3,0.200,142,29 1/3,46,1,11,1,14,24,23
마원성,94268,1994,OB,5.84,5,0,0,0,0,0,0,-,61,12 1/3,22,0,4,0,6,10,8
마원성,94268,1996,OB,3.45,9,0,0,0,1,0,0,0.000,65,15 2/3,14,2,4,2,8,6,6
곽병찬,94333,1994,태평양,7.71,9,0,0,0,0,0,0,-,84,16 1/3,21,4,11,3,8,14,14
곽병찬,94333,1995,태평양,0.00,1,0,0,0,0,0,0,-,3,2/3,1,0,0,0,0,0,0
곽병찬,94333,1996,현대,16.20,1,0,0,0,0,0,0,-,10,1 2/3,5,0,0,0,0,3,3
최상덕,94330,1994,태평양,2.51,36,2,1,13,9,1,0,0.591,635,158,123,9,59,4,90,45,44
최상덕,94330,1995,태평양,8.28,10,0,0,0,4,0,0,0.000,143,29 1/3,42,5,16,2,17,27,27
최상덕,94330,1996,해태,9.31,4,0,0,0,2,0,0,0.000,51,9 2/3,20,1,3,1,4,12,10
최상덕,94330,1998,해태,4.25,30,0,0,8,2,1,0,0.800,417,97 1/3,105,15,29,4,56,49,46
최상덕,94330,1999,해태,5.33,29,2,1,7,5,1,0,0.583,527,121 2/3,123,27,40,6,73,82,72
최상덕,94330,2000,해태,4.56,30,6,1,12,9,0,0,0.571,802,185 2/3,193,28,62,11,136,102,94
최상덕,94330,2001,KIA,4.32,29,8,3,12,10,0,0,0.545,790,185 1/3,179,20,64,10,106,98,89
최상덕,94330,2002,KIA,4.47,24,1,0,8,7,0,0,0.533,578,133,150,23,33,4,79,79,66
최상덕,94330,2003,KIA,3.56,22,2,1,11,5,0,0,0.688,534,126 1/3,128,16,38,5,63,53,50
최상덕,94330,2004,KIA,12.89,5,0,0,1,2,0,0,0.333,83,14 2/3,28,4,12,1,10,22,21
최상덕,94330,2005,KIA,6.02,24,0,0,1,5,2,2,0.167,279,61 1/3,71,8,24,8,48,44,41
최상덕,94330,2006,LG,4.80,9,0,0,2,5,0,0,0.286,201,45,52,7,11,3,23,28,24
최상덕,94330,2007,SK,12.96,4,0,0,0,0,0,1,-,47,8 1/3,19,3,4,0,8,12,12
최상덕,94330,2008,SK,1.93,14,0,0,0,0,0,1,-,53,14,13,0,1,0,5,3,3
최상덕,94330,2009,한화,6.75,8,0,0,0,0,0,0,-,45,10 2/3,14,1,1,0,9,8,8
문창환,94338,1994,태평양,1.91,18,0,0,0,0,0,0,-,154,37 2/3,33,0,13,0,19,10,8
문창환,94338,1995,태평양,5.63,9,0,0,0,0,0,0,-,68,16,17,1,7,0,4,11,10
문창환,94338,2001,현대,6.28,10,0,0,0,0,0,0,-,65,14 1/3,16,1,9,0,9,10,10
전준호,94364,1995,태평양,3.15,15,0,0,1,3,0,0,0.250,257,60,64,5,17,4,29,25,21
전준호,94364,1996,현대,3.33,34,1,0,6,6,1,0,0.500,585,138,128,8,53,7,78,59,51
전준호,94364,2000,현대,3.54,29,0,0,0,0,1,1,-,203,48 1/3,43,5,16,2,38,21,19
전준호,94364,2001,현대,5.09,30,0,0,12,6,0,1,0.667,639,143 1/3,163,15,54,7,85,86,81
전준호,94364,2002,현대,6.75,18,0,0,1,1,0,0,0.500,139,29 1/3,42,3,11,3,18,23,22
전준호,94364,2003,현대,3.93,19,0,0,4,2,0,0,0.667,294,68 2/3,66,7,25,4,51,31,30
전준호,94364,2004,현대,4.41,49,0,0,2,5,0,4,0.286,487,112 1/3,101,11,51,8,74,59,55
전준호,94364,2005,현대,7.61,16,0,0,3,6,0,1,0.333,235,49 2/3,62,7,23,5,28,45,42
전준호,94364,2006,현대,3.39,30,1,0,14,4,1,0,0.778,627,143 1/3,141,7,60,12,82,56,54
전준호,94364,2007,현대,4.75,26,0,0,6,10,0,0,0.375,625,142,145,23,60,6,73,79,75
전준호,94364,2008,우리,6.39,36,0,0,2,3,3,2,0.400,263,56 1/3,73,10,27,2,36,40,40
전준호,94364,2009,히어로즈,6.30,23,0,0,2,1,1,0,0.667,187,40,48,8,20,2,24,29,28
전준호,94364,2010,SK,3.60,8,0,0,2,0,0,0,1.000,60,15,9,1,6,1,12,7,6
전준호,94364,2011,SK,3.60,6,0,0,0,0,0,0,-,42,10,9,1,2,0,5,4,4
감병훈,94419,1994,삼성,0.00,3,0,0,0,0,0,0,-,6,1 2/3,1,0,0,0,1,0,0
감병훈,94419,1995,삼성,40.50,2,0,0,0,0,0,0,-,11,1 1/3,5,2,2,0,2,6,6
감병훈,94419,1996,삼성,25.07,8,0,0,0,2,0,0,0.000,35,4 2/3,9,2,10,2,3,13,13
감병훈,94419,1997,삼성,6.10,7,0,0,0,0,1,0,-,49,10 1/3,11,0,7,0,5,8,7
감병훈,94419,1998,삼성,13.50,3,0,0,0,0,0,0,-,11,2,3,0,3,0,1,3,3
감병훈,94419,1999,삼성,20.25,7,0,0,0,0,0,0,-,23,4,5,2,7,0,2,9,9
최용희,94429,1994,삼성,5.48,6,0,0,1,2,1,0,0.333,108,23,26,4,15,0,15,16,14
최용희,94429,1995,삼성,5.40,4,0,0,0,0,0,0,-,31,6 2/3,6,2,4,1,5,4,4
최용희,94429,1996,OB,9.00,1,0,0,0,0,0,0,-,20,4,8,2,1,0,3,4,4
조문식,94476,1994,삼성,54.00,1,0,0,0,0,0,0,-,4,1/3,2,0,1,0,0,2,2
조문식,94476,1999,삼성,6.75,4,0,0,0,0,0,0,-,18,4,6,2,0,0,2,3,3
조문식,94476,2000,삼성,13.50,1,0,0,0,0,0,0,-,11,2,3,1,2,0,1,3,3
하기룡,94490,1982,MBC   ,2.30,43,7,4,13,10,9,0,0.565,781,191 2/3,160,10,53,13,108,68,49
하기룡,94490,1983,MBC   ,2.34,36,6,2,10,11,4,0,0.476,696,173 1/3,137,4,48,8,73,57,45
하기룡,94490,1984,MBC   ,2.82,30,11,3,15,8,1,0,0.652,751,178 2/3,171,7,59,13,81,70,56
하기룡,94490,1985,MBC,2.92,26,4,0,5,10,2,0,0.333,468,111,103,3,53,4,31,46,36
하기룡,94490,1986,MBC,4.11,29,0,0,6,1,0,0,0.857,431,100 2/3,114,5,31,5,24,50,46
하기룡,94490,1987,MBC,4.11,15,0,0,1,3,0,0,0.250,249,57,61,6,17,6,16,26,26
하기룡,94490,1989,MBC,5.79,2,0,0,0,0,0,0,-,23,4 2/3,4,0,5,0,1,5,3
강상수,94526,1994,롯데,3.56,18,3,1,7,6,0,0,0.538,392,93 2/3,95,11,30,2,63,42,37
강상수,94526,1995,롯데,3.35,18,3,3,7,5,0,0,0.583,414,102,97,6,20,6,64,44,38
강상수,94526,1996,롯데,3.97,33,4,0,9,10,1,0,0.474,751,176 2/3,185,10,51,8,104,87,78
강상수,94526,1997,롯데,5.13,36,1,0,3,11,3,0,0.214,467,101 2/3,129,7,45,7,70,65,58
강상수,94526,1998,롯데,4.46,41,0,0,4,8,5,0,0.333,469,111,97,16,43,11,85,59,55
강상수,94526,1999,롯데,2.78,55,0,0,5,7,19,0,0.417,322,77 2/3,62,7,32,6,66,26,24
강상수,94526,2000,롯데,1.77,50,0,0,6,8,23,0,0.429,274,71,48,5,22,1,66,19,14
강상수,94526,2001,롯데,4.75,58,0,0,6,7,10,4,0.462,392,89,81,12,48,4,62,52,47
강상수,94526,2002,롯데,4.58,39,0,0,2,7,7,2,0.222,261,55,63,6,36,5,33,34,28
강상수,94526,2003,롯데,5.50,33,0,0,2,3,6,1,0.400,238,54,54,15,29,2,47,35,33
강상수,94526,2004,롯데,4.11,29,0,0,0,1,0,4,0.000,161,35,41,5,20,1,17,16,16
강상수,94526,2005,롯데,8.28,24,0,0,0,0,1,0,-,149,29 1/3,35,4,22,6,17,27,27
강상수,94526,2006,LG,7.98,16,0,0,1,0,0,1,1.000,71,14 2/3,23,2,6,1,11,13,13
박지철,94545,1994,롯데,2.20,14,0,0,0,1,1,0,0.000,140,32 2/3,28,3,17,4,18,15,8
박지철,94545,1995,롯데,3.96,28,0,0,5,4,0,0,0.556,334,77 1/3,73,7,39,7,36,46,34
박지철,94545,1996,롯데,4.70,26,0,0,1,9,2,0,0.100,443,99 2/3,98,8,54,3,53,58,52
박지철,94545,1997,롯데,2.45,40,3,0,14,5,7,0,0.737,623,157 2/3,118,8,61,6,96,45,43
박지철,94545,1998,롯데,7.73,36,0,0,2,11,2,0,0.154,396,80 1/3,114,12,49,5,63,75,69
박지철,94545,2000,롯데,4.60,29,0,0,6,9,0,1,0.400,471,109 2/3,99,9,37,7,87,62,56
박지철,94545,2001,롯데,4.03,34,0,0,13,7,1,2,0.650,671,156 1/3,163,13,62,4,104,72,70
박지철,94545,2002,롯데,5.11,5,0,0,1,2,0,0,0.333,107,24 2/3,25,4,8,2,20,14,14
박지철,94545,2003,롯데,3.89,28,1,0,8,7,0,0,0.533,574,129 2/3,128,16,57,9,78,64,56
박지철,94545,2004,롯데,3.87,27,1,1,9,7,0,0,0.563,600,139 2/3,131,9,60,6,94,62,60
박지철,94545,2005,롯데,6.06,13,0,0,1,5,0,0,0.167,231,49,58,9,28,4,39,36,33
박지철,94545,2006,롯데,2.98,18,0,0,1,2,0,0,0.333,212,48 1/3,43,0,30,2,23,20,16
박지철,94545,2007,롯데,6.14,6,0,0,0,1,0,0,0.000,36,7 1/3,9,0,5,1,5,6,5
박지철,94545,2009,LG,13.50,3,0,0,0,2,0,0,0.000,32,5 1/3,11,2,6,0,3,8,8
주형광,94528,1994,롯데,3.04,28,4,1,11,5,1,0,0.688,760,186 2/3,147,15,60,6,142,75,63
주형광,94528,1995,롯데,3.05,30,5,0,10,7,0,0,0.588,798,200 1/3,170,18,49,7,152,73,68
주형광,94528,1996,롯데,3.36,30,10,1,18,7,1,0,0.720,871,216 2/3,196,20,38,9,221,86,81
주형광,94528,1997,롯데,5.88,32,3,0,6,13,3,0,0.316,575,131 2/3,138,25,61,2,84,91,86
주형광,94528,1998,롯데,3.63,31,6,1,11,7,1,0,0.611,751,183 1/3,179,17,43,7,148,90,74
주형광,94528,1999,롯데,3.98,31,4,0,13,12,1,0,0.520,794,190,190,25,45,2,177,88,84
주형광,94528,2000,롯데,3.49,26,1,0,8,6,0,0,0.571,619,149 2/3,136,18,49,3,127,60,58
주형광,94528,2001,롯데,15.00,2,0,0,0,1,0,0,0.000,19,3,6,3,4,0,2,6,5
주형광,94528,2002,롯데,16.20,7,0,0,0,1,0,1,0.000,8,1 2/3,3,0,0,0,1,3,3
주형광,94528,2003,롯데,4.58,62,0,0,0,9,1,13,0.000,331,74 2/3,85,13,21,8,49,42,38
주형광,94528,2004,롯데,3.41,11,0,0,4,4,0,0,0.500,260,63 1/3,53,8,21,2,45,26,24
주형광,94528,2005,롯데,6.03,11,0,0,3,2,0,0,0.600,156,34 1/3,39,7,13,2,23,24,23
주형광,94528,2006,롯데,4.14,52,0,0,3,6,1,7,0.333,296,67 1/3,82,6,16,2,26,38,31
주형광,94528,2007,롯데,4.15,33,0,0,0,2,0,1,0.000,94,21 2/3,24,3,6,0,12,10,10
박태웅,94541,1994,롯데,3.00,5,0,0,0,0,0,0,-,39,9,11,0,2,0,0,6,3
윤민철,94549,1994,롯데,3.18,4,0,0,1,0,0,0,1.000,27,5 2/3,7,0,5,0,2,2,2
최재영,94641,1994,해태,2.16,6,0,0,0,0,0,0,-,31,8 1/3,6,0,1,0,1,2,2
이호준,94629,1994,해태,10.22,8,0,0,0,0,0,0,-,60,12 1/3,16,7,8,1,4,14,14
길배진,94727,1994,한화,11.40,8,0,0,0,0,0,0,-,81,15,28,4,6,3,1,25,19
최호원,94737,1994,한화,4.50,6,0,0,0,0,0,0,-,57,12,13,2,9,0,0,7,6
최호원,94737,1996,한화,3.91,11,0,0,0,1,0,0,0.000,97,23,20,2,10,2,16,13,10
최호원,94737,1997,한화,6.32,10,0,0,0,0,0,0,-,73,15 2/3,19,2,5,2,6,11,11
최호원,94737,1999,한화,5.40,1,0,0,0,0,0,0,-,10,1 2/3,4,1,1,0,1,1,1
김성한,94747,1994,한화,4.09,13,0,0,2,2,1,0,0.500,188,44,46,4,15,1,27,23,20
김성한,94747,1995,한화,0.00,2,0,0,0,0,0,0,-,8,2,3,0,0,0,0,0,0
김성한,94747,1996,한화,4.63,16,0,0,0,1,0,0,0.000,107,23 1/3,20,3,16,1,9,15,12
김성한,94747,1997,쌍방울,10.19,17,0,0,1,0,0,0,1.000,88,17 2/3,28,5,9,1,11,20,20
이승환,94801,1994,쌍방울,4.97,6,0,0,0,0,0,0,-,56,12 2/3,19,0,4,0,5,8,7
김민국,94821,1994,쌍방울,11.68,6,0,0,0,1,0,0,0.000,65,12 1/3,23,1,3,4,9,18,16
김민국,94821,1995,쌍방울,10.34,7,0,0,0,1,0,0,0.000,77,15 2/3,19,1,8,4,5,18,18
김민국,94821,1996,쌍방울,3.11,20,0,0,2,1,1,0,0.667,170,37 2/3,42,2,15,6,32,13,13
김민국,94821,1997,쌍방울,6.49,33,0,0,1,0,0,0,1.000,291,59 2/3,79,7,33,10,27,48,43
고형욱,94841,1994,쌍방울,0.90,6,0,0,0,0,1,0,-,41,10,7,0,6,0,10,1,1
고형욱,94841,1995,쌍방울,5.09,9,0,0,0,0,0,0,-,73,17 2/3,21,6,3,0,6,10,10
고형욱,94841,1996,쌍방울,0.00,5,0,0,0,0,0,0,-,14,3 2/3,2,0,1,1,4,0,0
고형욱,94841,1998,쌍방울,3.44,30,1,0,2,0,0,0,1.000,142,34,28,2,12,3,8,14,13
고형욱,94841,1999,쌍방울,5.95,48,0,0,1,2,0,0,0.333,180,39 1/3,38,10,25,3,20,27,26
유현승,94834,1994,쌍방울,4.70,26,2,0,4,6,0,0,0.400,436,99 2/3,111,9,42,3,38,56,52
유현승,94834,1995,쌍방울,4.85,32,3,1,5,10,1,0,0.333,620,143,125,10,75,12,77,86,77
유현승,94834,1996,쌍방울,4.14,10,1,1,4,5,0,0,0.444,248,58 2/3,60,6,15,5,31,29,27
유현승,94834,1997,쌍방울,9.64,6,0,0,0,2,0,0,0.000,50,9 1/3,21,0,5,0,4,10,10
유현승,94834,1998,쌍방울,13.50,4,0,0,0,1,0,0,0.000,25,4,14,1,1,0,0,8,6
유현승,94834,1999,쌍방울,6.23,42,2,1,4,11,1,0,0.267,534,121 1/3,141,21,38,12,62,91,84
유현승,94834,2000,SK,5.96,29,0,0,1,8,0,0,0.111,431,93 2/3,114,17,40,6,49,72,62
유현승,94834,2001,LG,3.50,32,0,0,1,0,0,2,1.000,147,36,32,5,9,3,18,14,14
유현승,94834,2002,LG,0.00,1,0,0,0,0,0,0,-,4,2/3,2,0,0,0,1,0,0
심재학,95114,1999,LG,6.33,15,0,0,3,3,0,0,0.500,219,48 1/3,48,5,34,2,32,37,34
방동민,95159,1999,LG,6.23,3,0,0,0,0,0,0,-,19,4 1/3,6,1,1,0,3,3,3
방동민,95159,2000,LG,-,1,0,0,0,0,0,0,-,3,0,2,0,1,0,0,3,3
방동민,95159,2001,LG,6.00,12,0,0,0,1,0,0,0.000,56,12,13,1,6,1,13,9,8
방동민,95159,2002,KIA,5.40,6,0,0,0,0,0,0,-,19,3 1/3,6,0,3,1,1,2,2
방동민,95159,2004,KIA,18.00,22,0,0,0,0,0,1,-,43,6,20,0,5,1,5,12,12
방동민,95159,2005,KIA,9.00,2,0,0,0,0,0,0,-,4,1,0,0,2,0,1,1,1
여준홍,95218,1996,OB,18.90,7,0,0,0,0,0,0,-,22,3 1/3,5,2,8,0,2,7,7
박노식,95199,1999,LG,0.00,1,0,0,0,0,0,0,-,3,1,0,0,1,0,0,0,0
진필중,95235,1995,OB,3.21,36,2,0,6,2,2,0,0.750,464,109 1/3,112,2,32,8,50,43,39
진필중,95235,1996,OB,3.11,32,5,2,13,10,4,0,0.565,774,191,186,4,42,5,69,72,66
진필중,95235,1997,OB,3.72,26,1,1,7,12,0,0,0.368,571,130 2/3,152,11,37,6,72,69,54
진필중,95235,1998,OB,2.33,61,1,1,8,6,19,0,0.571,638,158 1/3,135,7,42,5,100,44,41
진필중,95235,1999,두산,2.37,73,0,0,16,6,36,0,0.727,454,114,84,9,37,4,114,32,30
진필중,95235,2000,두산,2.34,59,0,0,5,5,42,0,0.500,301,73,64,3,25,0,61,23,19
진필중,95235,2001,두산,3.22,51,0,0,9,6,23,0,0.600,388,89 1/3,87,7,40,1,88,41,32
진필중,95235,2002,두산,3.47,54,0,0,4,5,31,0,0.444,261,62 1/3,60,8,16,3,58,28,24
진필중,95235,2003,KIA,3.08,46,0,0,4,4,19,0,0.500,271,64 1/3,64,11,22,2,71,24,22
진필중,95235,2004,LG,5.23,34,0,0,0,4,15,0,0.000,156,32 2/3,49,3,12,1,23,22,19
진필중,95235,2005,LG,5.82,13,0,0,3,7,0,0,0.300,237,51,58,5,21,7,27,40,33
진필중,95235,2006,LG,3.95,25,0,0,0,3,0,2,0.000,190,43 1/3,54,3,15,0,18,21,19
김유봉,95223,1995,OB,0.00,1,0,0,0,0,0,0,-,4,1,1,0,0,0,0,0,0
김유봉,95223,1996,OB,3.72,6,0,0,0,2,0,0,0.000,88,19 1/3,19,5,11,2,7,8,8
김유봉,95223,1999,두산,7.51,46,0,0,3,1,0,0,0.750,409,88 2/3,107,13,44,5,56,79,74
김유봉,95223,2000,두산,2.77,40,0,0,6,2,2,6,0.750,211,48 2/3,43,2,23,6,38,18,15
김유봉,95223,2002,두산,27.00,2,0,0,0,0,0,0,-,8,1,4,0,1,0,0,3,3
김유봉,95223,2003,두산,2.70,4,0,0,0,0,0,0,-,14,3 1/3,3,0,2,1,1,1,1
송재용,95236,1995,OB,4.87,17,0,0,3,3,1,0,0.500,266,61,59,1,33,0,40,40,33
최용호,95247,1997,OB,9.00,2,0,0,0,0,0,0,-,5,1,1,0,1,0,1,1,1
최용호,95247,1998,OB,3.29,30,0,0,2,0,2,0,1.000,226,54 2/3,32,2,29,2,55,24,20
최용호,95247,1999,두산,4.26,38,1,0,8,7,0,0,0.533,673,154 1/3,131,16,92,15,108,79,73
최용호,95247,2000,두산,5.06,28,0,0,8,4,0,0,0.667,544,121,125,14,72,1,96,70,68
최용호,95247,2001,두산,4.98,22,0,0,7,5,0,0,0.583,380,85,85,8,46,3,58,52,47
최용호,95247,2002,두산,4.91,10,0,0,0,0,0,0,-,67,14 2/3,21,2,5,0,10,8,8
최용호,95247,2003,KIA,10.13,4,0,0,0,2,0,0,0.000,56,10 2/3,15,1,8,1,7,12,12
최용호,95247,2004,KIA,5.83,20,0,0,2,3,1,0,0.400,191,41 2/3,43,6,22,9,19,27,27
위재영,95318,1995,태평양,3.60,36,4,1,13,10,4,0,0.565,651,157 2/3,142,9,48,3,113,70,63
위재영,95318,1996,현대,2.72,30,1,0,12,7,0,0,0.632,748,181 2/3,159,13,51,5,138,60,55
위재영,95318,1997,현대,3.24,20,0,0,5,8,0,0,0.385,462,111,105,11,42,3,74,44,40
위재영,95318,1998,현대,3.23,26,0,0,13,8,0,0,0.619,690,164 1/3,143,20,68,1,122,71,59
위재영,95318,1999,현대,4.10,20,0,0,6,8,0,0,0.429,525,116 1/3,126,16,62,3,100,62,53
위재영,95318,2000,현대,2.09,54,0,0,3,2,39,0,0.600,293,73 1/3,62,3,24,2,71,18,17
위재영,95318,2001,현대,1.82,37,0,0,4,2,22,0,0.667,202,49 1/3,35,2,18,1,44,13,10
위재영,95318,2002,현대,4.59,27,0,0,5,10,0,0,0.333,463,104,118,18,46,4,74,58,53
위재영,95318,2003,현대,6.23,4,0,0,0,1,0,0,0.000,27,4 1/3,9,0,5,0,1,4,3
위재영,95318,2004,현대,4.71,10,0,0,1,1,0,0,0.500,126,28 2/3,28,3,15,1,14,18,15
위재영,95318,2005,SK,1.89,57,0,0,3,2,6,12,0.600,385,95 1/3,69,4,41,3,80,23,20
위재영,95318,2006,SK,4.91,29,0,0,3,5,0,3,0.375,159,36 2/3,39,1,15,1,25,23,20
김억만,95327,1995,태평양,4.65,16,0,0,0,1,0,0,0.000,149,31,41,1,20,1,19,17,16
김억만,95327,1996,현대,0.00,3,0,0,0,0,0,0,-,11,3,2,0,0,0,4,0,0
안윤호,95426,1995,삼성,0.00,1,0,0,0,0,0,0,-,3,2/3,1,0,0,0,0,0,0
박석진,95459,1995,삼성,4.71,27,0,0,4,6,0,0,0.400,323,72 2/3,85,3,18,8,30,44,38
박석진,95459,1996,삼성,4.68,23,0,0,2,2,2,0,0.500,258,57 2/3,71,6,16,10,26,37,30
박석진,95459,1997,롯데,7.02,15,0,0,1,4,0,0,0.200,203,42 1/3,64,3,10,4,24,40,33
박석진,95459,1998,롯데,6.46,18,0,0,0,1,0,0,0.000,145,30 2/3,41,8,10,5,18,24,22
박석진,95459,1999,롯데,3.58,33,2,1,11,3,2,0,0.786,611,148 1/3,123,14,44,14,101,65,59
박석진,95459,2000,롯데,2.48,40,0,0,7,6,8,6,0.538,388,94 1/3,79,5,25,9,65,26,26
박석진,95459,2001,롯데,2.98,47,0,0,4,10,14,1,0.286,549,133,127,6,34,19,81,50,44
박석진,95459,2003,롯데,3.38,5,0,0,0,0,0,0,-,14,2 2/3,7,0,0,0,2,1,1
박석진,95459,2004,삼성,2.30,48,0,0,4,4,1,6,0.500,249,62 2/3,47,4,8,8,33,21,16
박석진,95459,2005,삼성,3.47,70,0,0,8,0,1,15,1.000,262,62 1/3,59,4,7,9,24,29,24
박석진,95459,2006,삼성,4.84,26,0,0,3,1,0,2,0.750,107,22 1/3,37,2,4,3,11,13,12
박석진,95459,2007,LG,4.35,27,0,0,1,1,0,0,0.500,131,31,32,1,6,6,7,19,15
박석진,95459,2008,LG,36.00,2,0,0,0,0,0,0,-,11,1,8,0,0,0,0,4,4
장형석,95473,1996,삼성,5.19,4,0,0,0,3,0,0,0.000,71,17 1/3,16,0,10,1,8,11,10
장형석,95473,1997,삼성,40.50,1,0,0,0,0,0,0,-,5,2/3,1,0,2,0,0,3,3
신성필,95469,1995,삼성,4.26,26,0,0,1,4,0,0,0.200,298,67 2/3,56,3,37,4,42,38,32
신성필,95469,1996,삼성,8.18,15,0,0,0,2,2,0,0.000,159,33,43,6,18,3,16,30,30
박보현,95511,1995,롯데,3.18,7,0,0,0,0,0,0,-,21,5 2/3,5,0,0,0,2,2,2
박보현,95511,1996,롯데,4.70,27,0,0,1,3,0,0,0.250,195,46,36,3,25,1,24,26,24
박보현,95511,1997,롯데,4.23,20,0,0,0,0,1,0,-,192,44 2/3,44,4,19,1,21,22,21
박보현,95511,1999,롯데,4.89,33,1,0,5,6,0,0,0.455,444,103,109,18,36,2,59,65,56
박보현,95511,2000,두산,6.17,19,0,0,3,8,0,0,0.273,324,70,92,8,30,0,24,51,48
박보현,95511,2001,두산,5.22,25,0,0,2,3,1,0,0.400,214,50,47,7,15,3,18,33,29
박보현,95511,2002,두산,3.86,5,0,0,0,0,0,0,-,11,2 1/3,2,0,1,1,2,1,1
최계훈,95488,1984,삼미  ,3.54,34,4,0,8,8,9,0,0.500,589,137 1/3,132,9,55,6,99,67,54
최계훈,95488,1985,청보,3.56,20,9,1,6,6,0,0,0.500,505,118 2/3,106,13,55,6,54,51,47
최계훈,95488,1986,청보,3.67,32,7,1,6,14,2,0,0.300,688,159 1/3,164,12,67,5,62,79,65
김정열,95552,1998,롯데,0.00,1,0,0,0,0,0,0,-,6,1,2,0,1,0,1,1,0
김정열,95552,1999,롯데,3.68,6,0,0,0,0,0,0,-,35,7 1/3,3,0,8,2,5,3,3
장승익,95554,1995,롯데,2.52,11,0,0,1,1,0,0,0.500,98,25,18,2,8,1,11,7,7
장승익,95554,1996,롯데,0.00,2,0,0,0,0,0,0,-,10,2 2/3,1,0,0,0,1,0,0
장승익,95554,1997,롯데,6.75,1,0,0,0,0,0,0,-,6,1 1/3,2,0,0,0,0,1,1
박부성,95565,1995,롯데,4.41,22,0,0,2,1,2,0,0.667,152,34 2/3,36,3,17,2,19,19,17
박부성,95565,1996,롯데,3.91,23,0,0,6,7,1,0,0.462,384,89 2/3,91,6,33,4,39,40,39
박부성,95565,1997,롯데,5.32,15,0,0,0,0,0,0,-,90,22,25,4,2,0,9,16,13
이원식,95601,1995,해태,4.51,23,0,0,5,8,0,0,0.385,458,103 2/3,105,7,42,7,70,58,52
이원식,95601,1996,해태,5.46,20,1,1,1,4,0,0,0.200,256,59 1/3,69,12,15,1,27,40,36
이원식,95601,1997,해태,3.48,28,0,0,5,3,1,0,0.625,306,75,58,8,28,2,39,32,29
이원식,95601,2000,해태,5.98,16,0,0,3,1,0,0,0.750,263,58 2/3,66,9,21,4,22,40,39
이원식,95601,2001,KIA,5.49,22,0,0,6,4,0,0,0.600,370,80 1/3,95,16,31,4,43,53,49
이원식,95601,2002,KIA,6.75,6,0,0,0,1,0,0,0.000,86,17 1/3,24,4,7,2,15,15,13
이원식,95601,2003,KIA,3.08,16,0,0,2,1,0,1,0.667,153,38,34,5,7,3,24,15,13
이원식,95601,2004,KIA,7.88,5,0,0,0,1,0,0,0.000,41,8,9,2,5,2,1,9,7
이원식,95601,2005,LG,3.38,13,0,0,1,0,1,0,1.000,74,16,19,2,7,1,13,8,6
임창용,95657,1995,해태,5.83,14,0,0,0,2,0,0,0.000,126,29 1/3,37,0,5,3,16,19,19
임창용,95657,1996,해태,3.22,49,0,0,7,7,0,0,0.500,469,114 2/3,91,8,38,6,78,48,41
임창용,95657,1997,해태,2.33,64,0,0,14,8,26,0,0.636,526,135,93,6,36,6,120,44,35
임창용,95657,1998,해태,1.89,59,0,0,8,7,34,0,0.533,524,133 2/3,90,4,30,12,141,35,28
임창용,95657,1999,삼성,2.14,71,0,0,13,4,38,0,0.765,535,138 2/3,91,10,29,7,141,33,33
임창용,95657,2000,삼성,1.52,52,0,0,5,4,30,0,0.556,345,88 2/3,58,2,22,9,95,19,15
임창용,95657,2001,삼성,3.90,30,1,1,14,6,1,0,0.700,791,184 2/3,169,25,62,17,136,88,80
임창용,95657,2002,삼성,3.08,36,0,0,17,6,2,0,0.739,841,204 1/3,188,24,34,24,160,82,70
임창용,95657,2003,삼성,3.55,28,1,1,13,3,1,0,0.813,618,147,141,15,44,15,85,63,58
임창용,95657,2004,삼성,2.01,61,0,0,2,4,36,0,0.333,271,67,51,4,22,4,67,19,15
임창용,95657,2005,삼성,6.50,29,0,0,5,8,0,3,0.385,427,91 1/3,110,11,36,15,70,67,66
임창용,95657,2006,삼성,4.50,1,0,0,1,0,0,0,1.000,9,2,3,0,1,0,0,1,1
임창용,95657,2007,삼성,4.90,40,0,0,5,7,0,3,0.417,536,119 1/3,138,9,44,10,62,68,65
임창용,95657,2014,삼성,5.84,49,0,0,5,4,31,0,0.556,205,44 2/3,50,4,21,4,52,33,29
임창용,95657,2015,삼성,2.83,55,0,0,5,2,33,0,0.714,219,54,45,2,13,3,71,17,17
임창용,95657,2016,KIA,4.37,34,0,0,3,3,15,0,0.500,159,35,45,5,10,1,38,18,17
임창용,95657,2017,KIA,3.78,51,0,0,8,6,7,9,0.571,225,50,51,3,22,5,58,22,21
임창용,95657,2018,KIA,5.42,37,0,0,5,5,4,4,0.500,388,86 1/3,92,16,29,11,84,54,52
이용훈,95665,1996,해태,1.42,11,0,0,0,0,0,0,-,72,19,11,1,10,0,10,3,3
신재웅,95728,1995,한화,5.09,11,1,1,3,5,0,0,0.375,231,53,52,5,29,0,39,32,30
신재웅,95728,1996,한화,5.10,25,0,0,5,3,2,0,0.625,367,83,75,8,42,3,77,51,47
신재웅,95728,1997,한화,3.67,30,2,2,6,7,0,0,0.462,567,135,112,20,64,4,93,63,55
신재웅,95728,1998,한화,5.90,30,0,0,5,11,0,0,0.313,497,111 1/3,127,17,46,2,97,78,73
신재웅,95728,1999,한화,10.05,9,0,0,0,2,0,0,0.000,82,14 1/3,23,3,19,0,9,17,16
신재웅,95728,2000,한화,7.20,18,0,0,3,7,0,0,0.300,268,60,65,14,25,1,33,49,48
신재웅,95728,2001,한화,9.17,9,0,0,2,2,0,0,0.500,83,17 2/3,24,5,9,0,9,18,18
신재웅,95728,2002,한화,0.00,1,0,0,0,0,0,0,-,4,1/3,2,0,1,0,1,0,0
김경남,95777,1982,삼미  ,6.00,1,0,0,0,1,0,0,0.000,16,3,6,0,2,0,1,2,2
김진철,95819,1995,쌍방울,3.71,31,1,0,1,1,0,0,0.500,348,80,75,10,33,10,48,34,33
김진철,95819,1996,쌍방울,8.31,3,0,0,0,0,0,0,-,22,4 1/3,5,1,3,1,5,4,4
김진철,95819,1997,쌍방울,4.15,3,0,0,0,0,0,0,-,18,4 1/3,5,1,1,1,3,3,2
박성진,95838,1995,쌍방울,12.00,3,0,0,0,0,0,0,-,16,3,6,2,0,0,2,5,4
박성진,95838,1996,쌍방울,1.35,6,0,0,0,0,0,0,-,25,6 2/3,6,1,0,0,3,1,1
박성진,95838,1997,쌍방울,1.74,7,0,0,0,0,0,0,-,45,10 1/3,10,0,2,3,8,2,2
정의성,95748,1995,한화,6.89,21,0,0,0,1,0,0,0.000,140,31 1/3,40,4,9,0,13,27,24
송진호,95853,1982,삼성  ,6.00,1,0,0,0,0,0,0,-,14,3,3,0,1,1,2,2,2
송진호,95853,1983,삼성  ,7.40,10,0,0,0,1,0,0,0.000,117,24 1/3,31,1,15,3,7,23,20
송진호,95853,1984,삼성  ,5.45,12,0,0,0,1,0,0,0.000,153,33,29,1,27,2,14,24,20
송진호,95853,1985,삼성  ,5.68,7,0,0,0,1,0,0,0.000,59,12 2/3,20,0,5,1,5,8,8
송진호,95853,1986,삼성,3.29,6,0,0,0,0,2,0,-,54,13 2/3,11,3,3,1,2,5,5
장용,95858,1995,쌍방울,18.00,1,0,0,0,0,0,0,-,5,1,2,1,1,0,1,2,2
강만식,95906,1982,해태  ,4.44,29,6,0,5,11,1,0,0.313,642,144,152,11,69,10,86,93,71
강만식,95906,1983,해태  ,2.78,22,1,1,6,4,0,0,0.600,387,94,83,5,22,5,51,42,29
강만식,95906,1984,해태  ,3.26,28,3,0,11,4,0,0,0.733,540,129 2/3,124,14,36,7,60,58,47
강만식,95906,1985,해태,3.31,41,5,2,13,8,0,0,0.619,803,198 2/3,178,22,44,19,63,78,73
강만식,95906,1986,해태,4.33,19,1,0,4,6,2,0,0.400,331,72 2/3,91,6,25,5,24,39,35
강만식,95906,1987,빙그레,6.11,5,0,0,2,3,0,0,0.400,119,28,27,5,11,2,4,20,19
강만식,95906,1988,빙그레,0.00,2,0,0,0,0,0,0,-,5,1 1/3,0,0,2,0,0,0,0
강만식,95906,1989,삼성,7.94,5,0,0,0,1,0,0,0.000,52,11 1/3,15,2,4,2,4,10,10
김정훈,96113,1996,LG,9.90,5,0,0,0,0,0,0,-,53,10,16,0,8,1,4,11,11
손혁,96138,1996,LG,6.10,3,0,0,1,0,0,0,1.000,49,10 1/3,14,1,6,0,4,7,7
손혁,96138,1997,LG,4.18,24,0,0,8,5,0,0,0.615,473,112,101,9,49,7,66,58,52
손혁,96138,1998,LG,3.70,28,0,0,11,8,0,0,0.579,595,143 1/3,136,17,40,10,88,66,59
손혁,96138,1999,LG,4.29,26,1,0,10,9,0,0,0.526,619,142 2/3,153,18,54,8,75,71,68
손혁,96138,2001,KIA,1.69,7,0,0,0,0,0,0,-,43,10 2/3,11,1,4,0,2,2,2
손혁,96138,2002,KIA,3.72,5,0,0,2,1,0,0,0.667,85,19 1/3,19,4,7,1,11,11,8
손혁,96138,2003,두산,3.65,12,0,0,4,6,0,0,0.400,253,61 2/3,60,9,9,5,27,29,25
손혁,96138,2004,두산,10.13,2,0,0,0,2,0,0,0.000,35,8,11,2,2,1,3,9,9
이경원,96142,1998,OB,81.00,3,0,0,0,0,0,0,-,8,1/3,4,0,3,0,0,3,3
이경원,96142,2003,KIA,2.25,11,0,0,1,0,0,0,1.000,19,4,6,1,2,0,3,1,1
이경원,96142,2004,KIA,15.43,16,0,0,0,0,0,2,-,31,4 2/3,10,2,6,1,4,8,8
이경원,96142,2005,KIA,7.36,8,0,0,0,0,0,0,-,18,3 2/3,5,0,2,0,0,3,3
김도완,96137,1996,LG,4.61,10,0,0,1,4,0,0,0.200,196,41,43,3,29,5,24,33,21
이정길,96149,1999,LG,12.66,5,0,0,1,1,0,0,0.500,53,10 2/3,17,1,4,2,2,15,15
김기진,96174,1996,LG,7.71,4,0,0,0,0,0,0,-,35,7,8,0,5,2,2,6,6
박명환,96251,1996,OB,3.84,28,5,3,7,12,0,0,0.368,781,185 1/3,149,18,78,9,139,86,79
박명환,96251,1997,OB,3.96,26,2,0,8,12,0,0,0.400,665,154 2/3,138,8,75,7,126,74,68
박명환,96251,1998,OB,3.22,31,5,1,14,11,0,0,0.560,809,187,159,8,112,8,181,75,67
박명환,96251,1999,두산,4.96,7,0,0,1,1,1,0,0.500,75,16 1/3,13,0,12,1,20,9,9
박명환,96251,2000,두산,3.09,6,0,0,1,0,0,1,1.000,47,11 2/3,6,3,7,0,19,4,4
박명환,96251,2001,두산,4.29,38,0,0,8,5,7,3,0.615,334,77 2/3,76,6,31,3,77,41,37
박명환,96251,2002,두산,3.44,30,0,0,14,10,0,0,0.583,782,185 2/3,173,12,68,7,169,78,71
박명환,96251,2003,두산,5.19,19,0,0,5,10,0,0,0.333,452,100 2/3,113,13,46,3,76,65,58
박명환,96251,2004,두산,2.50,26,0,0,12,3,0,0,0.800,651,158 2/3,130,4,52,7,162,50,44
박명환,96251,2005,두산,2.96,20,0,0,11,3,0,0,0.786,473,112 1/3,81,4,58,6,113,40,37
박명환,96251,2006,두산,3.46,28,1,0,7,7,1,4,0.500,502,122 1/3,90,6,48,2,132,52,47
박명환,96251,2007,LG,3.19,27,0,0,10,6,0,0,0.625,659,155 1/3,133,11,72,4,117,59,55
박명환,96251,2008,LG,8.61,5,0,0,0,3,0,0,0.000,118,23,32,1,19,2,16,22,22
박명환,96251,2009,LG,6.19,4,0,0,0,1,0,0,0.000,70,16,14,2,9,0,6,12,11
박명환,96251,2010,LG,6.63,15,0,0,4,6,0,0,0.400,350,76,94,17,31,3,46,62,56
박명환,96251,2014,NC,7.20,5,0,0,0,2,0,0,0.000,31,5,7,1,8,1,7,5,4
박명환,96251,2015,NC,4.85,11,0,0,1,1,0,0,0.500,118,26,36,6,5,3,15,14,14
한명윤,96252,1996,OB,5.28,24,0,0,0,0,0,0,-,60,15 1/3,11,0,8,1,11,10,9
한명윤,96252,1997,OB,3.72,20,0,0,1,0,0,0,1.000,48,9 2/3,13,0,8,1,2,4,4
한명윤,96252,1998,OB,0.00,6,0,0,0,0,0,0,-,10,2 1/3,1,0,2,0,1,0,0
설종진,96340,1997,현대,0.00,2,0,0,0,0,0,0,-,8,2,1,0,1,0,1,0,0
설종진,96340,1999,현대,40.50,2,0,0,0,0,0,0,-,5,2/3,1,0,1,1,0,3,3
설종진,96340,2000,현대,0.00,1,0,0,0,0,0,0,-,3,2/3,1,0,0,0,0,0,0
양윤기,96330,1993,태평양,0.00,2,0,0,0,0,0,0,-,15,3 2/3,2,0,1,0,7,0,0
양윤기,96330,1996,현대,0.00,1,0,0,0,0,0,0,-,7,1,0,0,2,0,1,3,0
최원호,96345,1996,현대,3.45,12,0,0,0,0,0,0,-,72,15 2/3,16,1,8,1,4,10,6
최원호,96345,1997,현대,4.46,37,0,0,4,5,1,0,0.444,354,78 2/3,85,10,41,8,40,46,39
최원호,96345,1998,현대,3.04,39,1,1,10,5,1,0,0.667,633,151,118,16,77,5,112,53,51
최원호,96345,1999,현대,6.62,35,0,0,6,10,0,0,0.375,574,123 2/3,159,21,58,9,80,98,91
최원호,96345,2000,LG,5.47,19,0,0,2,6,1,1,0.250,338,77 1/3,69,7,44,7,47,51,47
최원호,96345,2001,LG,-,1,0,0,0,1,0,0,0.000,2,0,1,1,1,0,0,2,2
최원호,96345,2002,LG,4.41,31,0,0,6,11,0,0,0.353,597,138 2/3,127,19,61,17,53,70,68
최원호,96345,2003,LG,4.48,19,0,0,4,3,0,1,0.571,344,76 1/3,100,8,24,4,40,42,38
최원호,96345,2004,LG,4.75,27,0,0,8,7,0,0,0.533,438,96 2/3,114,9,40,6,64,55,51
최원호,96345,2005,LG,4.07,27,0,0,13,6,0,0,0.684,704,163 2/3,153,17,60,15,106,79,74
최원호,96345,2006,LG,4.29,15,0,0,3,5,0,0,0.375,368,84,88,4,35,5,48,41,40
최원호,96345,2007,LG,4.67,26,0,0,7,7,0,1,0.500,479,108,111,7,59,8,58,61,56
최원호,96345,2008,LG,5.90,11,0,0,1,5,0,0,0.167,185,39 2/3,50,4,19,1,14,27,26
최원호,96345,2009,LG,5.63,10,0,0,3,2,0,0,0.600,215,48,52,7,23,4,28,31,30
전병호,96411,1996,삼성,2.65,39,0,0,4,7,0,0,0.364,466,108 2/3,89,5,59,10,87,35,32
전병호,96411,1997,삼성,4.93,35,3,1,10,8,0,0,0.556,590,131 1/3,138,14,65,10,76,81,72
전병호,96411,1998,삼성,5.34,47,0,0,6,4,1,0,0.600,389,87 2/3,86,17,48,1,64,57,52
전병호,96411,1999,삼성,5.68,44,0,0,3,2,0,0,0.600,328,71 1/3,90,11,27,1,39,49,45
전병호,96411,2001,삼성,4.95,34,0,0,3,1,1,1,0.750,184,40,46,5,20,0,15,24,22
전병호,96411,2002,삼성,3.88,43,0,0,3,0,2,4,1.000,267,62 2/3,71,10,13,6,35,30,27
전병호,96411,2003,삼성,5.03,45,0,0,8,4,1,6,0.667,439,102,110,13,37,2,54,59,57
전병호,96411,2004,삼성,4.20,21,0,0,5,2,0,2,0.714,260,60,60,9,23,2,34,31,28
전병호,96411,2005,삼성,4.39,29,0,0,6,5,0,0,0.545,452,104 2/3,110,16,31,3,51,60,51
전병호,96411,2006,삼성,3.90,35,0,0,10,8,0,2,0.556,584,134,146,10,47,5,65,69,58
전병호,96411,2007,삼성,4.06,32,0,0,8,8,0,2,0.500,582,137 1/3,148,11,41,4,39,71,62
전병호,96411,2008,삼성,4.99,27,0,0,6,6,0,0,0.500,367,83,104,6,31,2,20,49,46
박태순,96426,1996,삼성,10.38,4,0,0,0,0,0,0,-,26,4 1/3,10,0,2,0,3,7,5
박태순,96426,1997,삼성,7.97,8,0,0,1,3,0,0,0.250,98,20 1/3,25,3,14,3,22,19,18
박태순,96426,1998,삼성,3.38,3,0,0,0,0,0,0,-,47,10 2/3,12,3,4,0,8,4,4
박태순,96426,1999,한화,19.64,2,0,0,0,0,0,0,-,44,7 1/3,19,4,4,0,2,16,16
최재호,96447,1996,삼성,4.84,35,1,1,9,5,5,0,0.643,568,126 1/3,125,9,76,10,66,73,68
최재호,96447,1997,삼성,3.76,33,0,0,2,3,3,0,0.400,337,76 2/3,81,8,32,3,51,36,32
최재호,96447,1998,삼성,3.43,30,0,0,2,2,1,0,0.500,260,63,60,6,22,4,38,27,24
최재호,96447,2000,삼성,6.16,25,0,0,0,2,0,0,0.000,177,38,51,6,14,3,18,26,26
정현욱,96462,1998,삼성,4.70,5,0,0,1,0,0,0,1.000,32,7 2/3,6,3,5,1,2,4,4
정현욱,96462,1999,삼성,5.03,25,0,0,3,7,0,0,0.300,342,78 2/3,80,12,29,3,56,54,44
정현욱,96462,2000,삼성,3.60,2,0,0,0,0,0,0,-,24,5,6,1,2,1,2,6,2
정현욱,96462,2002,삼성,4.00,20,0,0,1,1,0,0,0.500,153,36,32,2,16,2,34,20,16
정현욱,96462,2003,삼성,4.59,43,0,0,4,5,1,3,0.444,373,86 1/3,91,6,32,2,77,47,44
정현욱,96462,2004,삼성,3.36,27,0,0,4,5,0,1,0.444,370,85 2/3,81,8,38,4,67,41,32
정현욱,96462,2007,삼성,5.52,11,0,0,0,1,1,0,0.000,69,14 2/3,15,3,9,2,6,10,9
정현욱,96462,2008,삼성,3.40,53,0,0,10,4,0,11,0.714,529,127,108,3,55,1,97,51,48
정현욱,96462,2009,삼성,3.42,62,0,0,8,5,6,16,0.615,339,79,77,8,36,2,66,33,30
정현욱,96462,2010,삼성,3.20,61,0,0,9,1,12,11,0.900,299,70 1/3,66,3,26,4,61,31,25
정현욱,96462,2011,삼성,2.36,59,0,0,4,3,1,24,0.571,303,72 1/3,70,4,30,4,52,22,19
정현욱,96462,2012,삼성,3.16,54,0,0,2,5,0,3,0.286,256,62 2/3,57,1,21,0,48,25,22
정현욱,96462,2013,LG,3.78,54,0,0,2,5,2,16,0.286,220,47 2/3,55,4,25,1,31,23,20
정현욱,96462,2014,LG,4.73,25,0,0,2,2,0,1,0.500,148,32 1/3,39,4,15,1,24,17,17
정현욱,96462,2016,LG,7.29,17,0,0,1,0,1,3,1.000,97,21,22,4,10,4,18,19,17
최창양,96470,1996,삼성,3.86,24,5,1,6,10,0,0,0.375,554,126,104,4,74,7,82,63,54
최창양,96470,1997,삼성,4.75,19,2,0,5,3,0,0,0.625,380,83 1/3,88,5,51,3,45,46,44
최창양,96470,1998,삼성,3.25,6,0,0,1,0,0,0,1.000,118,27 2/3,25,1,14,2,19,10,10
최창양,96470,1999,삼성,2.70,3,0,0,0,0,0,0,-,14,3 1/3,3,0,1,0,4,1,1
최창양,96470,2000,삼성,6.27,23,0,0,5,2,0,0,0.714,356,74 2/3,95,7,42,3,50,61,52
정성훈,96465,1997,삼성,4.79,24,1,1,3,6,2,0,0.333,338,77,69,4,34,19,39,47,41
정성훈,96465,1998,삼성,7.52,18,0,0,0,2,0,0,0.000,131,26 1/3,35,1,14,7,28,22,22
정성훈,96465,1999,삼성,5.95,5,0,0,1,1,0,0,0.500,87,19 2/3,29,1,3,1,9,13,13
정성훈,96465,2000,삼성,4.34,18,0,0,0,2,0,1,0.000,212,45 2/3,50,4,21,11,23,23,22
정성훈,96465,2001,삼성,5.40,12,0,0,0,0,0,0,-,49,10,14,3,5,2,3,6,6
정성훈,96465,2003,두산,2.62,48,0,0,1,0,2,5,1.000,240,58 1/3,55,6,14,6,17,17,17
정성훈,96465,2004,두산,3.12,79,0,0,3,3,2,15,0.500,329,83 2/3,64,4,20,8,42,34,29
정성훈,96465,2007,두산,4.00,9,0,0,1,1,1,1,0.500,41,9,11,0,4,1,5,4,4
정순명,96471,1982,MBC   ,4.47,25,1,0,7,5,1,0,0.583,416,92 2/3,105,9,38,8,47,62,46
정순명,96471,1983,MBC   ,3.62,13,0,0,4,3,0,0,0.571,259,59 2/3,56,7,28,5,19,30,24
정순명,96471,1984,MBC   ,7.15,8,0,0,0,3,0,0,0.000,106,22 2/3,24,3,17,1,7,18,18
정순명,96471,1985,MBC,6.00,7,0,0,0,4,0,0,0.000,86,18,26,1,7,0,5,15,12
김영복,96527,1996,롯데,7.20,4,0,0,0,0,0,0,-,25,5,10,1,1,0,0,4,4
이재섭,96566,1996,롯데,0.00,2,0,0,0,0,0,0,-,6,2,1,0,0,0,2,0,0
차명주,96570,1996,롯데,7.43,27,0,0,2,5,8,0,0.286,223,46,57,4,32,2,29,43,38
차명주,96570,1997,롯데,4.68,25,0,0,7,9,0,0,0.438,494,107 2/3,124,8,55,3,64,65,56
차명주,96570,1998,롯데,4.99,33,2,0,0,7,0,0,0.000,402,92,95,13,39,1,41,61,51
차명주,96570,1999,두산,4.01,83,0,0,1,2,1,0,0.333,338,76 1/3,84,4,36,1,60,38,34
차명주,96570,2000,두산,4.50,57,0,0,1,1,1,2,0.500,196,40,44,5,29,3,33,30,20
차명주,96570,2001,두산,3.42,84,0,0,6,2,1,18,0.750,416,97 1/3,86,6,46,3,73,42,37
차명주,96570,2002,두산,3.86,67,0,0,1,2,1,17,0.333,218,51 1/3,46,4,18,1,37,23,22
차명주,96570,2003,두산,4.35,77,0,0,1,1,0,16,0.500,135,31,28,0,16,1,14,18,15
차명주,96570,2004,한화,2.45,32,0,0,0,1,0,11,0.000,63,14 2/3,14,0,6,2,11,5,4
차명주,96570,2005,한화,5.88,77,0,0,4,1,0,12,0.800,152,33 2/3,46,3,9,4,17,23,22
차명주,96570,2006,한화,3.27,51,0,0,3,0,0,4,1.000,93,22,20,1,5,2,11,11,8
김상진,96611,1996,해태,4.29,29,1,0,9,5,0,0,0.643,518,123 2/3,115,15,52,3,64,62,59
김상진,96611,1997,해태,3.60,30,1,0,9,10,1,0,0.474,622,147 2/3,135,11,54,17,91,60,59
김상진,96611,1998,해태,3.87,25,1,0,6,11,1,0,0.353,507,121,120,10,42,8,69,63,52
박철웅,96631,1996,해태,12.71,5,0,0,0,1,0,0,0.000,31,5 2/3,9,1,4,1,3,8,8
박철웅,96631,1997,해태,5.84,7,0,0,0,1,0,0,0.000,55,12 1/3,15,3,2,0,8,8,8
정영환,96713,1996,한화,12.00,2,0,0,0,0,0,0,-,16,3,5,1,3,0,2,4,4
정영환,96713,1997,한화,9.00,2,0,0,0,0,0,0,-,9,2,3,0,0,0,0,2,2
정영환,96713,1998,한화,0.00,5,0,0,0,0,0,0,-,19,5,4,0,2,0,1,0,0
이상열,96720,1996,한화,7.27,15,0,0,0,0,0,0,-,82,17 1/3,24,3,7,0,13,14,14
이상열,96720,1997,한화,4.18,37,0,0,1,5,2,0,0.167,219,51 2/3,48,8,23,1,31,24,24
이상열,96720,1998,한화,6.92,34,0,0,0,0,0,0,-,126,26,27,4,26,2,18,22,20
이상열,96720,1999,한화,6.00,53,0,0,3,1,1,0,0.750,250,54,63,11,32,3,42,37,36
이상열,96720,2000,한화,5.71,32,0,0,3,7,0,0,0.300,408,88 1/3,95,19,46,3,75,64,56
이상열,96720,2001,현대,3.18,25,0,0,1,1,0,2,0.500,92,17,27,1,10,2,10,7,6
이상열,96720,2002,현대,3.93,64,0,0,4,2,1,10,0.667,307,73 1/3,71,5,19,1,71,37,32
이상열,96720,2003,현대,2.91,72,0,0,2,1,2,16,0.667,249,58 2/3,55,4,19,2,48,20,19
이상열,96720,2004,현대,2.55,81,0,0,4,1,0,20,0.800,247,60,55,5,18,1,46,19,17
이상열,96720,2007,현대,13.50,7,0,0,0,0,0,2,-,16,2 2/3,6,0,2,0,2,4,4
이상열,96720,2008,우리,11.25,4,0,0,0,1,0,0,0.000,22,4,6,1,4,0,1,5,5
이상열,96720,2009,히어로즈,7.36,26,0,0,0,1,0,5,0.000,49,11,12,4,3,0,6,10,9
이상열,96720,2010,LG,3.32,76,0,0,2,2,0,16,0.500,242,59 2/3,52,3,20,2,44,23,22
이상열,96720,2011,LG,3.89,77,0,0,0,6,3,18,0.000,187,44,45,2,12,1,27,23,19
이상열,96720,2012,LG,3.72,73,0,0,1,3,0,15,0.250,227,55 2/3,47,5,16,2,29,24,23
이상열,96720,2013,LG,3.27,64,0,0,2,3,0,13,0.400,152,33,43,1,12,3,22,15,12
이상열,96720,2014,LG,7.88,12,0,0,0,0,0,1,-,38,8,11,1,3,1,5,7,7
최정환,96824,1996,쌍방울,1.57,22,0,0,6,3,1,0,0.667,179,46,30,0,15,2,24,9,8
최정환,96824,1997,쌍방울,3.92,50,0,0,6,6,1,0,0.500,450,108,96,8,38,1,63,50,47
최정환,96824,1998,쌍방울,7.43,16,0,0,1,1,0,0,0.500,122,26 2/3,41,4,7,4,14,24,22
최정환,96824,1999,쌍방울,11.74,6,0,0,0,0,0,0,-,39,7 2/3,17,3,0,0,4,11,10
박주언,96847,1996,쌍방울,5.00,41,0,0,4,2,1,0,0.667,287,66 2/3,68,3,32,3,37,39,37
박주언,96847,1997,쌍방울,5.14,8,0,0,0,1,0,0,0.000,31,7,2,1,10,1,4,5,4
박주언,96847,1998,쌍방울,54.00,2,0,0,0,0,0,0,-,4,1/3,1,0,2,0,0,2,2
박주언,96847,1999,쌍방울,6.75,7,0,0,0,0,0,0,-,35,6 2/3,9,0,6,0,4,6,5
박주언,96847,2000,SK,4.34,20,0,0,0,0,0,0,-,84,18 2/3,19,2,7,3,11,10,9
박주언,96847,2002,SK,-,1,0,0,0,0,0,0,-,1,0,0,0,1,0,0,0,0
정수찬,96849,1997,쌍방울,3.83,20,1,0,1,1,2,0,0.500,197,44 2/3,56,2,14,2,18,22,19
정수찬,96849,1998,쌍방울,9.82,5,0,0,0,1,0,0,0.000,50,11,15,1,3,1,4,12,12
정수찬,96849,2000,SK,5.25,5,0,0,2,0,0,1,1.000,50,12,13,2,2,0,9,8,7
정수찬,96849,2001,SK,8.59,6,0,0,1,1,0,0,0.500,70,14 2/3,20,2,6,2,5,18,14
신영균,96851,1996,쌍방울,7.50,19,0,0,2,3,1,0,0.400,181,36,46,1,31,1,19,32,30
신영균,96851,1997,LG,12.60,4,0,0,0,0,0,0,-,26,5,8,2,2,2,2,7,7
신영균,96851,1998,LG,6.35,4,0,0,0,1,0,0,0.000,37,5 2/3,12,0,5,3,4,10,4
신영균,96851,1999,LG,3.74,11,0,0,1,0,0,0,1.000,89,21 2/3,21,3,6,1,14,9,9
신영균,96851,2000,LG,1.93,3,0,0,0,0,0,0,-,19,4 2/3,5,0,0,1,0,1,1
김형주,96869,1997,쌍방울,9.00,1,0,0,0,0,0,0,-,6,1,2,0,2,0,0,1,1
장문석,97126,1997,LG,13.50,7,0,0,0,2,0,0,0.000,70,12 2/3,19,4,10,2,8,20,19
장문석,97126,1999,LG,4.21,23,1,1,4,3,4,0,0.571,276,62,54,4,39,3,51,30,29
장문석,97126,2000,LG,3.42,40,0,0,9,8,11,0,0.529,584,137,123,10,50,12,134,55,52
장문석,97126,2001,LG,7.74,14,0,0,1,3,0,0,0.250,209,43,50,6,35,2,23,37,37
장문석,97126,2002,LG,1.60,59,0,0,10,3,4,9,0.769,411,101 1/3,75,3,39,3,86,22,18
장문석,97126,2003,LG,4.40,39,0,0,9,6,0,8,0.600,443,100 1/3,112,12,40,5,53,49,49
장문석,97126,2004,LG,4.03,28,0,0,10,8,1,0,0.556,657,152,168,15,55,8,75,73,68
장문석,97126,2005,LG,3.75,27,1,0,5,5,7,0,0.500,368,84,93,2,31,5,60,40,35
장문석,97126,2006,KIA,4.36,29,0,0,1,3,15,0,0.250,235,53 2/3,51,4,26,3,36,26,26
장문석,97126,2008,KIA,5.40,21,0,0,0,0,0,0,-,91,20,22,0,6,4,11,13,12
임선동,97133,1997,LG,3.52,22,0,0,11,7,0,0,0.611,564,135 2/3,129,10,34,13,77,55,53
임선동,97133,1998,LG,6.94,15,0,0,1,6,0,0,0.143,267,59 2/3,71,11,20,7,29,53,46
임선동,97133,1999,현대,8.05,9,0,0,0,1,0,0,0.000,90,19,33,3,5,2,10,19,17
임선동,97133,2000,현대,3.36,29,1,1,18,4,0,0,0.818,802,195 1/3,177,13,61,7,174,75,73
임선동,97133,2001,현대,4.40,24,5,1,14,9,0,0,0.609,681,159 2/3,201,10,43,3,77,84,78
임선동,97133,2002,현대,4.51,21,0,0,8,6,1,0,0.571,457,105 2/3,118,12,24,7,61,58,53
임선동,97133,2003,현대,9.45,4,0,0,0,2,0,0,0.000,64,13 1/3,23,2,3,1,4,14,14
임선동,97133,2004,현대,17.18,2,0,0,0,0,0,0,-,26,3 2/3,9,0,3,3,1,7,7
임선동,97133,2005,현대,17.18,3,0,0,0,1,0,0,0.000,21,3 2/3,9,0,3,0,3,7,7
임선동,97133,2006,현대,0.00,1,0,0,0,0,0,0,-,4,1,1,0,0,0,0,0,0
김민기,97111,1997,LG,5.63,4,0,0,0,0,0,0,-,35,8,8,0,4,0,4,5,5
김민기,97111,1998,LG,7.67,20,0,0,1,4,0,0,0.200,263,56 1/3,72,9,31,1,39,48,48
김민기,97111,1999,LG,4.54,12,0,0,4,2,1,0,0.667,163,37 2/3,37,7,12,3,37,19,19
김민기,97111,2000,LG,4.27,29,0,0,5,5,2,1,0.500,314,71 2/3,76,7,29,3,50,40,34
김민기,97111,2001,LG,5.18,45,0,0,2,5,4,4,0.286,483,107 2/3,109,10,63,1,77,68,62
김민기,97111,2002,LG,3.18,21,0,0,7,5,0,0,0.583,412,99,101,12,23,3,66,39,35
김민기,97111,2005,LG,8.02,28,0,0,4,7,0,4,0.364,263,55,88,11,10,4,37,54,49
김민기,97111,2006,LG,3.65,55,0,0,2,4,6,6,0.333,272,61 2/3,65,4,25,5,43,26,25
김민기,97111,2007,LG,4.28,69,0,0,7,5,1,17,0.583,379,88 1/3,103,3,24,5,43,44,42
김민기,97111,2008,LG,7.03,21,0,0,1,2,0,0,0.333,150,32,44,2,17,1,19,25,25
김민기,97111,2009,LG,8.31,3,0,0,0,0,0,0,-,20,4 1/3,7,3,2,0,1,4,4
전승남,97140,1997,LG,3.29,32,1,0,6,5,0,0,0.545,514,123,117,13,31,6,74,46,45
전승남,97140,1998,LG,4.15,33,0,0,6,7,1,0,0.462,483,112 2/3,128,14,20,7,70,57,52
전승남,97140,1999,LG,6.57,4,0,0,0,2,0,0,0.000,55,12 1/3,14,3,2,1,9,10,9
전승남,97140,2000,LG,2.68,19,0,0,0,0,2,3,-,164,40 1/3,34,2,12,1,29,13,12
전승남,97140,2001,LG,7.31,30,0,0,2,2,1,2,0.500,137,28 1/3,34,2,21,2,22,25,23
전승남,97140,2002,LG,6.35,11,0,0,0,0,0,0,-,55,11 1/3,16,1,3,3,8,8,8
전승남,97140,2003,LG,2.45,68,0,0,8,2,2,11,0.800,438,106 2/3,103,6,22,5,56,34,29
전승남,97140,2004,LG,5.09,24,0,0,1,1,1,7,0.500,78,17 2/3,23,2,2,3,8,11,10
신창수,97168,1997,LG,0.00,1,0,0,0,0,0,0,-,1,1/3,0,0,0,0,0,0,0
이경필,97230,1997,OB,3.62,29,2,0,7,9,4,0,0.438,539,126 2/3,126,8,56,10,75,55,51
이경필,97230,1998,OB,3.12,27,2,2,10,9,0,0,0.526,608,150,137,8,42,6,94,65,52
이경필,97230,1999,두산,3.19,28,1,0,13,7,0,0,0.650,690,166 2/3,151,12,55,10,91,67,59
이경필,97230,2001,두산,1.42,5,0,0,0,0,0,0,-,25,6 1/3,3,0,3,2,6,1,1
이경필,97230,2002,두산,5.47,10,0,0,1,2,0,0,0.333,121,24 2/3,30,3,20,2,13,17,15
이경필,97230,2003,두산,4.50,26,0,0,8,13,0,1,0.381,494,106,122,4,43,12,47,71,53
이경필,97230,2004,두산,4.70,21,0,0,5,12,0,0,0.294,457,99 2/3,113,4,44,11,49,59,52
이경필,97230,2007,두산,5.19,15,0,0,1,2,0,1,0.333,161,34 2/3,43,0,16,3,14,20,20
김영수,97236,1997,OB,5.10,47,0,0,0,2,0,0,0.000,297,65 1/3,50,5,51,3,47,40,37
김영수,97236,1998,OB,18.00,4,0,0,0,0,0,0,-,7,1,3,0,2,0,0,2,2
김영수,97236,1999,두산,7.20,8,0,0,0,0,0,0,-,53,10,15,3,8,1,7,10,8
김영수,97236,2000,롯데,3.79,32,2,1,7,4,1,1,0.636,425,102,88,11,44,0,75,45,43
김영수,97236,2001,롯데,6.27,41,0,0,1,6,3,4,0.143,449,94 2/3,110,17,57,5,70,74,66
김영수,97236,2002,롯데,4.79,36,0,0,2,18,0,1,0.100,548,118 1/3,136,13,58,4,76,74,63
김영수,97236,2003,SK,5.34,39,0,0,3,3,0,2,0.500,307,64,68,8,50,2,47,47,38
김영수,97236,2004,SK,7.07,37,0,0,1,3,0,4,0.250,144,28,31,1,31,3,27,25,22
김영수,97236,2007,SK,0.00,1,0,0,1,0,0,0,1.000,7,1 1/3,0,0,3,0,1,0,0
김영수,97236,2008,롯데,13.50,4,0,0,0,0,0,0,-,15,2 2/3,1,1,6,0,1,4,4
김영수,97236,2009,KIA,8.31,21,0,0,0,1,0,3,0.000,43,8 2/3,11,3,3,3,10,8,8
김환조,97238,1997,OB,3.86,12,0,0,0,1,0,0,0.000,98,21,31,1,2,5,12,12,9
최영필,97336,1997,현대,4.88,34,0,0,4,10,0,0,0.286,462,101 1/3,95,14,73,3,79,63,55
최영필,97336,1998,현대,5.19,11,0,0,0,1,0,0,0.000,78,17 1/3,22,4,6,0,9,11,10
최영필,97336,1999,현대,5.58,40,0,0,3,4,1,0,0.429,404,88 2/3,106,13,37,8,53,60,55
최영필,97336,2000,현대,4.35,7,0,0,0,0,0,1,-,41,10 1/3,9,2,3,0,9,5,5
최영필,97336,2001,한화,5.48,20,0,0,4,4,2,0,0.500,299,67 1/3,64,7,36,2,43,43,41
최영필,97336,2002,한화,7.77,14,0,0,0,0,1,0,-,110,22,31,3,14,2,21,20,19
최영필,97336,2003,한화,6.86,13,1,0,1,3,0,0,0.250,201,42,50,6,20,4,26,33,32
최영필,97336,2004,한화,4.14,14,0,0,0,3,1,0,0.000,156,37,39,5,9,3,27,18,17
최영필,97336,2005,한화,2.89,40,0,0,8,8,5,0,0.500,469,112,109,9,30,6,72,41,36
최영필,97336,2006,한화,3.05,30,0,0,2,3,0,11,0.400,162,38 1/3,34,4,14,3,34,13,13
최영필,97336,2007,한화,4.33,33,0,0,5,5,2,1,0.500,442,99 2/3,120,7,39,4,48,50,48
최영필,97336,2008,한화,4.73,36,0,0,7,8,0,3,0.467,384,85 2/3,98,4,38,3,48,50,45
최영필,97336,2009,한화,10.18,13,0,0,0,2,0,0,0.000,103,20 1/3,31,4,11,0,11,23,23
최영필,97336,2010,한화,7.45,21,0,0,1,4,1,0,0.200,260,54 1/3,84,13,22,3,26,46,45
최영필,97336,2012,SK,4.58,46,0,0,2,1,0,5,0.667,215,53,52,7,10,2,40,27,27
최영필,97336,2013,SK,6.23,22,0,0,0,0,1,3,-,84,17 1/3,24,2,8,1,11,15,12
최영필,97336,2014,KIA,3.19,40,0,0,4,2,0,14,0.667,228,53 2/3,52,6,15,1,45,25,19
최영필,97336,2015,KIA,2.86,59,0,0,5,2,0,10,0.714,247,63,57,8,8,2,51,23,20
최영필,97336,2016,KIA,3.61,54,0,0,4,3,2,10,0.571,249,57 1/3,74,6,8,3,54,26,23
최영필,97336,2017,KIA,20.25,2,0,0,0,0,0,0,-,10,1 1/3,5,0,0,1,1,3,3
이근용,97365,2001,현대,0.00,2,0,0,0,0,0,0,-,13,3 2/3,2,0,0,1,2,0,0
황두성,97423,1999,해태,3.24,4,0,0,0,0,0,0,-,39,8 1/3,7,0,6,2,3,4,3
황두성,97423,2000,해태,7.36,3,0,0,0,0,0,0,-,22,3 2/3,5,0,7,1,3,3,3
황두성,97423,2001,현대,0.00,1,0,0,0,0,0,0,-,5,1,2,0,0,0,0,0,0
황두성,97423,2002,현대,3.00,4,0,0,0,0,0,0,-,24,6,4,1,3,0,4,2,2
황두성,97423,2003,현대,3.00,1,0,0,0,0,0,0,-,15,3,3,0,3,0,3,1,1
황두성,97423,2004,현대,13.50,3,0,0,0,0,0,0,-,31,5 1/3,12,2,2,0,7,9,8
황두성,97423,2005,현대,3.29,60,0,0,11,9,1,7,0.550,535,128 2/3,106,15,41,6,137,53,47
황두성,97423,2006,현대,3.91,47,0,0,4,4,0,5,0.500,312,71 1/3,55,7,40,4,76,35,31
황두성,97423,2007,현대,4.45,46,0,0,7,9,1,3,0.438,590,139 2/3,121,13,51,1,142,76,69
황두성,97423,2008,우리,4.05,34,0,0,6,8,8,1,0.429,439,104 1/3,88,10,45,2,77,50,47
황두성,97423,2009,히어로즈,3.51,40,0,0,8,3,9,0,0.727,385,92 1/3,76,10,35,2,79,37,36
변대수,97418,1997,삼성,5.06,24,0,0,2,1,2,0,0.667,194,42 2/3,38,2,35,1,28,26,24
정인석,97532,1997,롯데,6.75,2,0,0,0,0,0,0,-,7,1 1/3,2,0,0,1,0,1,1
정인석,97532,1998,롯데,13.50,2,0,0,0,0,0,0,-,13,2,5,0,1,1,2,3,3
정인석,97532,1999,롯데,0.00,2,0,0,0,0,0,0,-,9,2,1,0,3,0,1,0,0
김상현,97527,1997,롯데,5.75,14,0,0,0,2,0,0,0.000,181,40 2/3,51,7,11,1,22,29,26
김상현,97527,1998,롯데,8.38,7,0,0,0,0,0,0,-,48,9 2/3,18,2,2,1,4,9,9
임봉춘,97531,1997,롯데,4.81,13,0,0,0,2,0,0,0.000,148,33 2/3,29,3,24,1,21,19,18
임봉춘,97531,1998,롯데,13.50,3,0,0,0,0,0,0,-,16,2 2/3,7,2,1,0,2,5,4
임봉춘,97531,1999,롯데,12.38,4,0,0,0,0,0,0,-,41,8,12,2,6,0,8,11,11
임봉춘,97531,2000,롯데,4.50,6,0,0,0,0,0,0,-,64,14,13,1,9,0,11,8,7
임봉춘,97531,2001,롯데,7.45,8,0,0,1,0,0,0,1.000,46,9 2/3,12,2,7,1,7,8,8
임봉춘,97531,2002,롯데,2.45,3,0,0,0,0,0,0,-,18,3 2/3,5,0,1,1,2,2,1
이정훈,97541,1997,롯데,6.51,15,0,0,1,0,0,0,1.000,125,27 2/3,31,5,11,2,14,22,20
이정훈,97541,1998,롯데,4.44,35,0,0,3,2,2,0,0.600,317,71,69,4,30,7,26,46,35
이정훈,97541,1999,롯데,7.13,10,0,0,2,1,1,0,0.667,85,17 2/3,22,3,12,1,8,15,14
이정훈,97541,2000,롯데,6.43,10,0,0,1,2,0,0,0.333,72,14,15,0,11,0,10,12,10
이정훈,97541,2001,롯데,9.00,7,0,0,0,0,0,0,-,29,5,9,1,4,1,2,5,5
이정훈,97541,2002,롯데,6.32,19,0,0,1,3,0,1,0.250,144,31 1/3,42,1,8,4,19,22,22
이정훈,97541,2003,롯데,5.20,44,1,0,7,8,1,5,0.467,512,110 2/3,126,13,51,8,67,65,64
이정훈,97541,2004,롯데,4.19,30,0,0,1,4,0,0,0.200,257,58,68,7,23,5,33,29,27
이정훈,97541,2005,롯데,4.44,54,0,0,2,3,1,5,0.400,335,75,86,6,28,7,46,40,37
이정훈,97541,2006,롯데,4.15,33,0,0,1,3,0,4,0.250,186,43 1/3,46,1,15,3,22,20,20
이정훈,97541,2007,롯데,2.45,7,0,0,0,0,0,0,-,36,7 1/3,9,0,4,0,8,3,2
이정훈,97541,2009,롯데,3.03,57,0,0,1,3,8,9,0.250,319,74 1/3,77,5,28,8,50,26,25
이정훈,97541,2010,롯데,6.85,43,0,0,3,9,1,5,0.250,214,46,56,4,19,4,27,39,35
이정훈,97541,2011,넥센,3.78,44,0,0,3,3,1,7,0.500,229,52 1/3,50,1,19,6,31,24,22
이정훈,97541,2012,넥센,4.67,40,0,0,4,4,1,8,0.500,198,44 1/3,45,2,17,5,32,28,23
이정훈,97541,2013,넥센,3.00,56,0,0,5,2,1,11,0.714,280,69,69,5,24,2,29,25,23
이정훈,97541,2014,넥센,12.27,7,0,0,0,0,0,0,-,40,7 1/3,15,2,5,0,2,10,10
이정훈,97541,2015,넥센,4.50,2,0,0,0,0,0,0,-,9,2,3,0,0,0,0,2,1
이정훈,97541,2016,넥센,7.00,15,0,0,0,3,0,1,0.000,87,18,32,3,5,0,8,14,14
오철민,97621,1997,해태,6.75,11,0,0,0,0,0,0,-,106,24,27,5,9,3,20,18,18
오철민,97621,1998,해태,4.70,34,0,0,5,13,1,0,0.278,448,103 1/3,107,16,44,2,72,60,54
오철민,97621,1999,해태,5.19,35,0,0,6,6,1,0,0.500,631,138 2/3,163,14,64,7,86,94,80
오철민,97621,2000,해태,8.82,35,0,0,2,3,0,1,0.400,323,66 1/3,97,20,30,5,29,69,65
오철민,97621,2001,KIA,4.78,11,0,0,2,5,0,0,0.286,227,52 2/3,50,6,26,3,32,30,28
오철민,97621,2002,KIA,4.26,30,0,0,0,0,0,1,-,84,19,20,4,10,2,13,9,9
오철민,97621,2003,KIA,1.78,28,0,0,0,0,0,3,-,104,25 1/3,20,2,8,0,19,6,5
오철민,97621,2004,KIA,6.00,34,0,0,1,3,0,1,0.250,131,30,35,5,11,3,23,21,20
오철민,97621,2005,KIA,6.17,23,0,0,0,1,0,3,0.000,60,11 2/3,18,2,7,1,7,9,8
문동환,97575,1997,롯데,4.85,22,0,0,2,5,8,0,0.286,167,39,40,2,15,1,23,21,21
문동환,97575,1998,롯데,3.16,31,5,3,12,5,6,0,0.706,551,136 2/3,121,7,39,1,86,50,48
문동환,97575,1999,롯데,3.28,30,6,1,17,4,0,0,0.810,781,189 1/3,171,12,67,9,141,75,69
문동환,97575,2000,롯데,3.88,12,1,0,7,3,0,0,0.700,304,72,71,6,24,1,58,33,31
문동환,97575,2001,롯데,6.57,13,0,0,2,4,0,0,0.333,172,37,44,4,22,0,21,29,27
문동환,97575,2002,롯데,5.10,17,1,0,2,7,2,0,0.222,303,67,83,8,22,3,49,46,38
문동환,97575,2004,한화,5.37,25,0,0,4,15,0,0,0.211,557,120 2/3,147,20,45,5,56,88,72
문동환,97575,2005,한화,3.47,26,1,0,10,9,0,0,0.526,739,173 2/3,174,12,57,3,103,74,67
문동환,97575,2006,한화,3.05,31,4,2,16,9,1,0,0.640,798,189,186,10,67,11,85,78,64
문동환,97575,2007,한화,3.11,21,1,0,5,3,0,1,0.625,371,84,87,8,37,3,37,32,29
김동호,97629,1997,해태,5.73,21,0,0,1,1,0,0,0.500,156,33,33,3,21,6,14,21,21
김동호,97629,1998,LG,6.66,14,0,0,0,0,0,0,-,116,24 1/3,29,1,10,4,17,18,18
김동호,97629,1999,LG,7.67,28,0,0,1,0,1,0,1.000,294,61,83,13,25,11,35,58,52
김동호,97629,2002,LG,0.00,2,0,0,0,0,0,0,-,3,2/3,1,0,0,0,0,0,0
손민한,97571,1997,롯데,4.80,9,0,0,1,3,1,0,0.250,128,30,23,2,20,1,17,17,16
손민한,97571,1999,롯데,5.59,10,0,0,0,0,1,0,-,84,19 1/3,19,2,6,1,9,13,12
손민한,97571,2000,롯데,3.20,28,4,1,12,7,0,0,0.632,707,174 1/3,153,16,55,6,117,68,62
손민한,97571,2001,롯데,4.21,29,0,0,15,6,0,0,0.714,760,173 1/3,184,18,69,4,110,89,81
손민한,97571,2002,롯데,3.67,23,2,1,4,9,0,0,0.308,586,142 1/3,144,19,30,4,82,68,58
손민한,97571,2003,롯데,4.86,18,1,0,3,11,0,0,0.214,473,109 1/3,115,17,38,5,54,67,59
손민한,97571,2004,롯데,2.73,42,0,0,9,2,8,0,0.818,433,108 2/3,90,8,29,2,88,36,33
손민한,97571,2005,롯데,2.46,28,1,0,18,7,1,0,0.720,678,168 1/3,149,9,38,2,105,54,46
손민한,97571,2006,롯데,2.78,25,2,1,10,8,1,0,0.556,664,161 2/3,147,4,39,9,96,54,50
손민한,97571,2007,롯데,3.34,30,0,0,13,10,0,0,0.565,797,194,191,17,48,2,95,74,72
손민한,97571,2008,롯데,2.97,26,1,0,12,4,0,0,0.750,733,179,183,12,40,1,80,66,59
손민한,97571,2009,롯데,5.19,14,0,0,6,5,0,0,0.545,311,69 1/3,87,3,28,4,20,41,40
손민한,97571,2013,NC,3.43,28,0,0,5,6,9,3,0.455,250,60 1/3,56,4,23,3,22,24,23
손민한,97571,2014,NC,3.54,52,0,0,4,4,1,9,0.500,210,48 1/3,56,5,14,3,23,20,19
손민한,97571,2015,NC,4.89,26,0,0,11,6,0,0,0.647,444,105,122,8,15,5,50,65,57
류기중,97659,1998,해태,13.50,1,0,0,0,0,0,0,-,14,2 2/3,5,0,3,0,2,4,4
류기중,97659,1999,해태,8.16,9,0,0,0,1,0,0,0.000,70,14 1/3,16,6,11,1,5,14,13
김해님,97758,1997,한화,3.73,41,0,0,3,2,1,0,0.600,235,60 1/3,43,8,27,5,36,27,25
김해님,97758,1998,한화,5.07,35,0,0,2,1,0,0,0.667,267,60 1/3,60,1,27,8,34,34,34
김해님,97758,1999,한화,4.87,41,0,0,3,5,3,0,0.375,406,92 1/3,93,15,37,4,70,53,50
김해님,97758,2000,한화,7.85,26,0,0,1,1,0,1,0.500,178,36 2/3,53,11,15,4,25,39,32
김해님,97758,2004,한화,5.58,23,0,0,5,3,0,3,0.625,410,90 1/3,109,12,36,9,43,59,56
김해님,97758,2005,한화,4.28,32,0,0,6,8,1,2,0.429,554,128 1/3,152,12,30,10,61,66,61
김해님,97758,2006,한화,4.58,36,0,0,1,3,0,4,0.250,243,55,67,5,14,2,23,32,28
김해님,97758,2007,한화,1.93,13,0,0,0,0,0,0,-,57,14,12,1,5,2,7,3,3
오상민,97815,1997,쌍방울,4.91,67,0,0,2,4,2,0,0.333,334,77,77,7,33,4,39,44,42
오상민,97815,1998,쌍방울,6.16,76,0,0,2,5,0,0,0.286,311,68 2/3,82,9,25,7,36,47,47
오상민,97815,1999,쌍방울,5.94,67,0,0,2,7,1,0,0.222,359,80 1/3,92,22,29,5,59,59,53
오상민,97815,2000,SK,4.74,63,0,0,7,2,3,2,0.778,456,100 2/3,106,23,50,5,71,57,53
오상민,97815,2001,SK,3.57,69,0,0,7,6,10,9,0.538,571,133 2/3,123,16,43,6,121,56,53
오상민,97815,2002,삼성,5.48,54,1,0,2,3,3,2,0.400,279,64,73,13,13,3,43,46,39
오상민,97815,2003,삼성,2.79,47,0,0,4,1,3,9,0.800,232,58,49,6,14,2,45,19,18
오상민,97815,2004,삼성,2.32,34,0,0,2,0,0,5,1.000,126,31,24,2,10,1,24,10,8
오상민,97815,2005,삼성,4.32,21,0,0,0,0,0,7,-,37,8 1/3,8,2,3,1,8,4,4
오상민,97815,2006,삼성,4.55,49,0,0,1,2,0,16,0.333,135,31 2/3,30,4,8,4,23,18,16
오상민,97815,2007,삼성,1.23,12,0,0,1,0,0,0,1.000,30,7 1/3,8,0,2,0,5,1,1
오상민,97815,2008,LG,2.74,38,0,0,1,0,1,9,1.000,94,23,25,0,3,0,14,7,7
오상민,97815,2009,LG,3.00,63,0,0,3,2,1,6,0.600,199,48,49,4,14,2,44,18,16
오상민,97815,2010,LG,4.40,65,0,0,1,1,0,15,0.500,202,47,52,9,9,3,28,23,23
오상민,97815,2011,LG,1.80,11,0,0,0,0,0,1,-,20,5,4,0,1,0,3,1,1
정명수,97863,1999,쌍방울,36.00,1,0,0,0,0,0,0,-,7,1,3,1,1,0,0,4,4
앤더슨,98116,1998,LG,3.56,45,0,0,4,7,21,0,0.364,236,55 2/3,53,4,19,4,30,27,22
앤더슨,98116,1999,쌍방울,6.75,19,1,0,2,9,0,0,0.182,336,69 1/3,94,12,41,5,31,57,52
김경태,98128,1998,LG,7.71,9,0,0,0,0,0,0,-,27,4 2/3,9,0,3,1,2,4,4
김경태,98128,1999,LG,6.31,25,0,0,1,1,0,0,0.500,198,41 1/3,57,12,20,3,29,36,29
김경태,98128,2001,LG,10.80,4,0,0,0,0,0,1,-,10,1 2/3,2,1,2,1,1,3,2
김경태,98128,2002,두산,15.75,10,0,0,0,2,0,1,0.000,45,8,17,4,6,0,4,15,14
김경태,98128,2003,두산,0.00,3,0,0,0,0,0,0,-,6,2/3,1,0,1,1,0,0,0
김경태,98128,2004,SK,2.33,21,0,0,5,2,0,4,0.714,147,38 2/3,23,0,9,3,21,10,10
김경태,98128,2005,SK,5.03,42,0,0,0,1,2,3,0.000,166,34,45,3,15,1,24,24,19
김경태,98128,2006,SK,5.03,32,0,0,1,1,0,0,0.500,96,19 2/3,21,2,13,5,2,13,11
김경태,98128,2007,SK,2.96,40,0,0,0,0,0,6,-,92,24 1/3,19,1,6,1,10,8,8
김경태,98128,2009,LG,7.53,20,0,0,0,0,0,2,-,79,14 1/3,24,3,12,3,8,13,12
이경수,98236,1999,두산,10.13,6,0,0,0,0,0,0,-,40,8,11,2,7,0,5,9,9
이경수,98236,2000,SK,27.00,4,0,0,0,0,0,0,-,14,1 2/3,8,0,2,0,0,5,5
이혜천,98259,1998,OB,1.74,15,0,0,0,0,0,0,-,43,10 1/3,5,0,6,1,9,2,2
이혜천,98259,1999,두산,4.76,77,1,1,8,4,0,0,0.667,540,119,119,11,70,9,98,69,63
이혜천,98259,2000,두산,5.02,78,0,0,5,6,1,11,0.455,384,84 1/3,88,9,50,4,76,51,47
이혜천,98259,2001,두산,3.62,53,0,0,9,6,3,6,0.600,631,141 2/3,152,17,72,3,107,72,57
이혜천,98259,2002,두산,4.67,78,0,0,2,4,1,12,0.333,352,79,72,7,46,9,75,46,41
이혜천,98259,2003,두산,3.93,83,0,0,5,3,0,11,0.625,250,55,46,4,37,5,36,27,24
이혜천,98259,2004,두산,5.88,79,0,0,2,2,1,12,0.500,235,52,52,5,31,3,35,35,34
이혜천,98259,2005,두산,3.95,30,1,1,7,4,0,3,0.636,479,109 1/3,105,10,54,7,59,58,48
이혜천,98259,2006,두산,2.79,32,0,0,8,6,0,1,0.571,594,142,119,4,56,12,104,52,44
이혜천,98259,2008,두산,4.69,34,0,0,7,5,0,0,0.583,482,109 1/3,110,14,43,13,83,59,57
이혜천,98259,2011,두산,6.35,32,0,0,1,4,1,4,0.200,152,34,31,2,17,4,30,27,24
이혜천,98259,2012,두산,7.45,48,0,0,1,3,0,7,0.250,179,38 2/3,42,2,21,5,25,33,32
이혜천,98259,2013,두산,11.57,13,0,0,0,1,0,0,0.000,54,9 1/3,16,0,7,5,7,12,12
이혜천,98259,2014,NC,3.00,25,0,0,1,0,0,2,1.000,85,18,22,0,8,2,17,7,6
이혜천,98259,2015,NC,5.19,29,0,0,0,0,0,3,-,74,17 1/3,15,3,7,2,10,11,10
홍민구,98316,1998,현대,0.00,1,0,0,0,0,0,0,-,4,1,0,0,0,0,0,0,0
홍민구,98316,1999,현대,4.56,14,0,0,2,1,0,0,0.667,104,23 2/3,25,2,10,1,13,12,12
홍민구,98316,2000,현대,5.40,2,0,0,0,0,0,0,-,15,3 1/3,5,0,0,0,4,2,2
홍민구,98316,2001,현대,0.00,4,0,0,0,0,0,0,-,14,3,3,0,1,1,0,0,0
김수경,98330,1998,현대,2.76,32,0,0,12,4,2,0,0.750,655,160,112,6,68,5,168,56,49
김수경,98330,1999,현대,4.14,40,3,1,10,11,1,0,0.476,826,184 2/3,180,18,109,6,184,98,85
김수경,98330,2000,현대,3.74,29,1,0,18,8,0,0,0.692,820,195,167,16,91,3,172,87,81
김수경,98330,2001,현대,5.20,20,0,0,6,6,0,0,0.500,430,97,101,15,50,2,59,60,56
김수경,98330,2002,현대,4.88,27,0,0,12,10,0,0,0.545,657,151 1/3,155,25,58,2,130,84,82
김수경,98330,2003,현대,4.63,29,1,1,10,9,0,0,0.526,738,167,184,14,70,4,121,96,86
김수경,98330,2004,현대,4.01,26,0,0,11,8,0,0,0.579,668,152 2/3,151,14,62,3,100,74,68
김수경,98330,2005,현대,5.76,17,1,0,7,7,0,0,0.500,408,90 2/3,106,17,39,3,70,60,58
김수경,98330,2006,현대,3.78,17,0,0,4,7,0,0,0.364,384,85 2/3,96,5,36,4,64,41,36
김수경,98330,2007,현대,3.88,30,0,0,12,7,0,0,0.632,750,176 1/3,170,19,61,2,127,85,76
김수경,98330,2008,우리,3.88,26,0,0,3,6,0,0,0.333,474,106 2/3,110,7,42,5,63,54,46
김수경,98330,2009,히어로즈,6.67,25,0,0,6,11,0,0,0.353,539,117 1/3,142,29,53,5,66,93,87
김수경,98330,2010,넥센,13.50,1,0,0,0,1,0,0,0.000,22,3 1/3,9,1,3,0,4,5,5
김수경,98330,2011,넥센,3.39,18,0,0,1,2,0,0,0.333,289,69,65,6,22,2,37,27,26
김수경,98330,2012,넥센,2.13,9,0,0,0,1,0,0,0.000,57,12 2/3,19,0,4,1,5,3,3
스트롱,98327,1998,현대,2.95,53,0,0,6,5,27,0,0.545,262,58,64,4,29,2,54,20,19
고호봉,98353,1998,현대,9.00,1,0,0,0,1,0,0,0.000,11,2,3,0,1,1,1,2,2
파라,98445,1998,삼성,3.67,60,0,0,7,8,19,0,0.467,406,95 2/3,79,7,40,6,55,42,39
파라,98445,2002,한화,6.00,31,0,0,3,1,4,0,0.750,183,39,48,3,15,6,32,29,26
베이커,98423,1998,삼성,4.13,26,4,0,15,7,0,0,0.682,740,172,172,15,78,3,87,82,79
김진웅,98451,1998,삼성,3.17,28,0,0,3,4,0,0,0.429,328,76 2/3,62,7,43,3,55,27,27
김진웅,98451,1999,삼성,5.40,34,2,0,11,13,0,0,0.458,759,171 2/3,173,23,86,3,144,115,103
김진웅,98451,2000,삼성,4.93,32,2,1,15,7,1,0,0.682,760,173 1/3,183,23,67,5,136,99,95
김진웅,98451,2001,삼성,3.96,43,1,1,11,7,12,2,0.611,596,141,132,14,61,2,129,65,62
김진웅,98451,2002,삼성,6.97,18,1,1,1,4,3,0,0.200,226,50 1/3,59,9,21,3,60,40,39
김진웅,98451,2003,삼성,4.05,32,0,0,9,11,1,0,0.450,672,153 1/3,151,19,70,5,99,75,69
김진웅,98451,2004,삼성,4.32,35,0,0,9,7,0,2,0.563,597,135 1/3,126,12,75,8,99,73,65
김진웅,98451,2005,삼성,4.58,12,0,0,1,1,1,0,0.500,82,19 2/3,14,6,8,3,15,10,10
문남열,98469,1999,삼성,6.86,29,0,0,2,1,0,0,0.667,283,59,74,11,36,2,38,48,45
문남열,98469,2002,삼성,6.57,7,0,0,0,0,0,0,-,63,12 1/3,22,2,8,1,9,10,9
문남열,98469,2003,삼성,9.00,1,0,0,0,0,0,0,-,4,1,2,1,0,0,1,1,1
임경완,98521,1998,롯데,18.62,7,0,0,0,1,0,0,0.000,62,9 2/3,22,3,7,5,6,21,20
임경완,98521,1999,롯데,4.50,4,0,0,0,0,0,0,-,18,4,5,1,3,0,1,3,2
임경완,98521,2000,롯데,3.86,15,0,0,0,2,0,1,0.000,128,30 1/3,28,5,9,4,19,13,13
임경완,98521,2001,롯데,4.35,41,0,0,3,1,1,5,0.750,274,62,69,6,27,2,35,32,30
임경완,98521,2002,롯데,6.29,25,0,0,0,4,1,1,0.000,223,48 2/3,60,9,17,4,30,41,34
임경완,98521,2003,롯데,4.71,59,0,0,3,14,11,4,0.176,403,93 2/3,97,10,30,11,45,52,49
임경완,98521,2004,롯데,3.16,67,0,0,4,6,5,22,0.400,448,105 1/3,102,4,41,12,72,39,37
임경완,98521,2007,롯데,3.25,65,0,0,7,1,0,6,0.875,328,74 2/3,73,2,35,12,52,28,27
임경완,98521,2008,롯데,4.19,38,0,0,2,5,7,0,0.286,166,38 2/3,36,2,17,5,25,19,18
임경완,98521,2009,롯데,2.45,43,0,0,4,1,1,7,0.800,258,62 1/3,55,1,18,3,37,23,17
임경완,98521,2010,롯데,3.30,47,0,0,3,4,7,1,0.429,186,43 2/3,46,4,16,4,19,24,16
임경완,98521,2011,롯데,3.15,72,0,0,4,3,0,18,0.571,268,65 2/3,60,4,15,6,34,28,23
임경완,98521,2012,SK,5.40,32,0,0,0,2,0,3,0.000,141,31 2/3,36,4,13,4,16,20,19
임경완,98521,2013,SK,5.71,23,0,0,0,2,0,1,0.000,85,17 1/3,22,0,10,2,10,12,11
임경완,98521,2014,SK,5.40,16,0,0,0,0,0,0,-,77,16 2/3,21,4,6,2,5,14,10
임경완,98521,2015,한화,-,1,0,0,0,0,0,0,-,2,0,0,0,2,0,0,1,1
엄병열,98639,1998,해태,20.25,1,0,0,0,0,0,0,-,9,1 1/3,4,0,1,0,0,4,3
엄병열,98639,1999,해태,10.80,8,0,0,0,1,0,0,0.000,50,10,15,4,5,1,3,12,12
엄병열,98639,2000,해태,5.87,5,0,0,0,0,0,0,-,34,7 2/3,6,2,5,0,7,5,5
엄병열,98639,2001,KIA,3.75,11,0,0,0,1,0,0,0.000,51,12,8,1,7,0,4,5,5
홍의현,98558,1998,롯데,3.60,12,0,0,0,0,0,0,-,80,20,15,1,5,7,7,10,8
곽현희,98617,1998,해태,5.09,26,0,0,2,0,0,0,1.000,251,58 1/3,59,9,22,8,41,34,33
곽현희,98617,1999,해태,6.15,36,0,0,11,11,4,0,0.500,654,146 1/3,171,31,45,12,104,106,100
곽현희,98617,2000,해태,4.89,22,2,0,7,8,1,1,0.467,459,105,101,18,39,10,84,63,57
곽현희,98617,2001,KIA,5.06,3,0,0,0,0,0,0,-,27,5 1/3,7,0,6,1,5,4,3
곽현희,98617,2002,KIA,4.13,25,0,0,2,0,0,1,1.000,141,32 2/3,31,6,14,3,27,16,15
곽현희,98617,2003,KIA,0.00,1,0,0,0,0,0,0,-,3,1/3,1,0,1,0,0,0,0
곽현희,98617,2004,KIA,16.50,4,0,0,0,0,0,0,-,35,6,12,2,5,1,4,11,11
소소경,98661,1998,해태,6.32,12,0,0,0,0,0,0,-,73,15 2/3,16,0,12,0,10,11,11
소소경,98661,1999,해태,5.04,15,0,0,4,6,0,0,0.400,313,69 2/3,69,8,35,4,35,43,39
소소경,98661,2000,해태,6.28,18,0,0,1,2,0,1,0.333,254,53,62,8,31,5,35,38,37
소소경,98661,2001,KIA,1.69,2,0,0,0,0,0,0,-,23,5 1/3,5,1,2,2,4,3,1
소소경,98661,2004,KIA,10.54,9,0,0,0,1,0,0,0.000,69,13 2/3,20,1,8,2,11,17,16
소소경,98661,2005,LG,8.31,2,0,0,0,0,0,0,-,22,4 1/3,4,0,4,1,4,4,4
김경남,98760,1987,OB,7.20,2,0,0,0,0,0,0,-,23,5,9,1,0,0,2,4,4
김재현,98776,1998,한화,3.38,4,0,0,1,0,0,0,1.000,13,2 2/3,3,0,2,0,1,1,1
김재현,98776,2000,한화,6.75,4,0,0,0,0,0,0,-,10,1 1/3,2,0,4,0,1,1,1
김재현,98776,2005,LG,9.00,8,0,0,0,0,0,1,-,14,2,6,0,2,0,2,4,2
김재현,98776,2006,LG,4.38,57,0,0,1,2,0,9,0.333,164,37,29,1,22,2,27,20,18
김재현,98776,2007,LG,6.10,22,0,0,0,1,0,2,0.000,54,10 1/3,17,3,8,0,5,7,7
김재현,98776,2008,LG,7.94,16,0,0,0,0,0,1,-,32,5 2/3,7,0,6,2,5,7,5
김재현,98776,2010,한화,5.19,15,0,0,1,0,0,2,1.000,39,8 2/3,10,2,2,2,8,5,5
김경진,98869,1998,쌍방울,6.00,5,0,0,0,0,0,0,-,15,3,2,0,5,0,3,2,2
김경진,98869,1999,쌍방울,6.19,16,0,0,0,0,0,0,-,141,32,37,5,5,13,14,22,22
고승환,98813,1998,쌍방울,13.50,1,0,0,0,0,0,0,-,10,1 1/3,4,0,2,0,0,3,2
김상태,99151,1999,LG,6.17,31,0,0,9,15,0,0,0.375,703,147 1/3,183,12,95,4,110,121,101
김상태,99151,2001,LG,4.91,15,0,0,0,3,0,0,0.000,104,22,19,2,20,1,13,12,12
이승호,99137,1999,LG,10.13,17,0,0,0,2,0,0,0.000,55,10 2/3,16,4,6,2,7,12,12
이승호,99137,2000,LG,3.20,41,1,1,6,6,5,1,0.500,276,64 2/3,50,7,38,1,52,24,23
이승호,99137,2001,LG,12.74,14,0,0,0,0,0,2,-,102,17 2/3,25,5,23,3,18,25,25
이승호,99137,2002,LG,4.11,41,0,0,2,2,1,3,0.500,194,46,35,4,26,2,44,22,21
이승호,99137,2003,LG,3.19,31,1,1,11,11,0,0,0.500,817,191 2/3,151,17,103,9,157,76,68
이승호,99137,2004,LG,2.71,21,1,1,9,7,0,0,0.563,556,129 2/3,111,9,72,3,115,53,39
이승호,99137,2005,LG,5.51,23,1,1,5,10,0,0,0.333,509,111,122,15,51,3,94,73,68
이승호,99137,2006,LG,4.46,21,0,0,8,7,0,1,0.533,449,103,114,13,35,2,86,56,51
이승호,99137,2007,LG,4.28,27,0,0,2,2,0,0,0.500,319,69 1/3,69,3,39,2,51,37,33
이승호,99137,2008,LG,9.25,20,0,0,0,2,0,1,0.000,128,24 1/3,37,2,18,4,15,25,25
이승호,99137,2009,SK,7.36,4,0,0,0,0,0,0,-,14,3 2/3,5,1,0,0,1,3,3
이승호,99137,2010,SK,2.03,16,0,0,2,0,0,1,1.000,121,31,23,3,13,1,30,9,7
이승호,99137,2011,SK,4.20,26,0,0,6,3,0,0,0.667,262,60,46,7,39,4,51,29,28
김광삼,99152,1999,LG,10.23,11,0,0,1,4,0,0,0.200,169,31 2/3,52,5,22,2,18,40,36
김광삼,99152,2000,LG,7.50,12,0,0,0,0,0,0,-,86,18,27,5,7,2,10,15,15
김광삼,99152,2003,LG,4.46,25,1,0,7,9,0,0,0.438,492,111,115,7,59,4,69,59,55
김광삼,99152,2004,LG,4.47,31,2,0,8,7,0,1,0.533,688,151,164,9,76,11,109,85,75
김광삼,99152,2005,LG,4.96,23,0,0,7,7,0,0,0.500,475,103 1/3,115,13,53,8,76,63,57
김광삼,99152,2006,LG,4.08,6,0,0,0,2,0,0,0.000,84,17 2/3,19,0,14,2,10,10,8
김광삼,99152,2007,LG,12.27,4,0,0,0,0,0,0,-,42,7 1/3,12,0,8,0,3,11,10
김광삼,99152,2010,LG,5.68,24,2,1,7,6,0,0,0.538,501,111,125,10,50,14,60,74,70
김광삼,99152,2011,LG,4.74,22,0,0,4,5,0,0,0.444,416,93,108,8,41,4,41,58,49
김광삼,99152,2012,LG,4.92,20,0,0,7,9,0,0,0.438,467,104 1/3,114,3,38,9,46,63,57
김광삼,99152,2015,LG,5.74,4,0,0,0,1,0,0,0.000,72,15 2/3,16,2,9,1,11,13,10
장성진,99228,1999,두산,2.62,57,0,0,1,0,1,0,1.000,284,68 2/3,64,5,21,6,37,23,20
장성진,99228,2000,두산,2.97,34,0,0,2,0,0,4,1.000,142,33 1/3,33,2,10,1,21,11,11
장성진,99228,2001,두산,5.21,33,0,0,0,1,0,5,0.000,178,38,57,4,9,5,17,27,22
장성진,99228,2002,두산,5.79,10,0,0,0,1,0,0,0.000,55,14,16,3,1,0,6,9,9
서성민,99327,1999,현대,5.68,3,0,0,1,0,0,0,1.000,28,6 1/3,8,1,1,0,5,4,4
송신영,99314,2001,현대,4.21,47,0,0,4,2,3,2,0.667,498,115 1/3,113,9,48,3,80,59,54
송신영,99314,2002,현대,4.39,42,0,0,6,2,0,4,0.750,448,104 2/3,109,14,32,5,67,52,51
송신영,99314,2003,현대,4.63,25,0,0,5,4,0,0,0.556,301,68,76,8,26,4,39,37,35
송신영,99314,2004,현대,3.53,59,0,0,8,0,1,6,1.000,358,81 2/3,85,9,28,4,64,37,32
송신영,99314,2005,현대,3.74,40,0,0,1,4,0,5,0.200,328,74 2/3,71,2,34,6,53,32,31
송신영,99314,2006,현대,4.53,43,1,1,6,5,0,1,0.545,422,95 1/3,95,8,31,12,60,52,48
송신영,99314,2007,현대,3.01,55,0,0,3,3,14,4,0.500,323,77 2/3,67,5,27,5,56,29,26
송신영,99314,2008,우리,5.23,53,0,0,2,8,4,9,0.200,333,72 1/3,82,6,34,8,63,47,42
송신영,99314,2009,히어로즈,5.23,58,0,0,3,3,4,6,0.500,348,75 2/3,84,13,30,11,68,50,44
송신영,99314,2010,넥센,4.21,65,0,0,5,5,1,14,0.500,341,77,75,5,40,3,63,38,36
송신영,99314,2011,LG,2.24,62,0,0,3,3,19,7,0.500,302,72 1/3,67,4,20,5,57,19,18
송신영,99314,2012,한화,4.94,24,0,0,1,3,0,2,0.250,117,23 2/3,37,3,8,4,17,16,13
송신영,99314,2013,넥센,3.21,61,0,0,4,3,1,15,0.571,266,61 2/3,52,1,33,8,43,22,22
송신영,99314,2014,넥센,6.59,41,0,0,2,1,0,2,0.667,197,42 1/3,57,7,16,4,28,33,31
송신영,99314,2015,넥센,5.35,18,0,0,7,4,0,0,0.636,298,69,77,12,22,2,46,42,41
송신영,99314,2016,한화,5.02,11,0,0,0,1,0,0,0.000,65,14 1/3,24,1,2,1,7,8,8
송신영,99314,2017,한화,4.26,5,0,0,0,0,0,0,-,26,6 1/3,6,0,0,2,6,3,3
구자운,99245,1999,두산,5.96,18,0,0,1,1,1,0,0.500,111,25 2/3,21,5,11,4,23,17,17
구자운,99245,2000,두산,2.01,42,0,0,6,6,3,12,0.500,398,98 1/3,72,5,37,5,99,28,22
구자운,99245,2001,두산,4.80,13,0,0,6,2,0,0,0.750,246,54 1/3,56,9,28,3,46,33,29
구자운,99245,2002,두산,3.79,32,0,0,8,8,1,0,0.500,580,133,134,6,58,7,95,64,56
구자운,99245,2003,두산,4.17,48,0,0,4,9,18,0,0.308,409,95,98,7,30,3,64,48,44
구자운,99245,2004,두산,3.59,54,0,0,4,5,32,1,0.444,199,47 2/3,45,7,13,0,39,19,19
구자운,99245,2007,두산,2.08,6,0,0,2,1,0,0,0.667,70,17 1/3,13,0,8,2,11,4,4
구자운,99245,2010,삼성,6.00,1,0,0,0,0,0,0,-,13,3,1,0,3,0,3,2,2
박장희,99360,1999,현대,4.91,54,0,0,6,7,5,0,0.462,520,117 1/3,142,11,30,16,70,72,64
박장희,99360,2000,현대,3.90,24,0,0,9,3,0,0,0.750,434,99 1/3,107,8,30,5,57,49,43
박장희,99360,2001,현대,5.53,32,0,0,4,5,0,1,0.444,420,94 1/3,107,14,30,11,41,64,58
박장희,99360,2002,현대,6.14,13,0,0,0,0,0,0,-,98,22,28,3,6,1,17,15,15
이동은,99426,1999,삼성,7.07,33,0,0,0,0,0,0,-,137,28,42,5,12,1,26,23,22
이동은,99426,2000,삼성,20.77,9,0,0,0,0,0,1,-,29,4 1/3,13,4,3,0,1,10,10
이동은,99426,2001,삼성,7.56,9,0,0,0,1,0,0,0.000,36,8 1/3,7,1,5,0,2,7,7
라형진,99423,1999,삼성,12.19,13,0,0,0,0,0,0,-,120,20 2/3,41,4,16,4,16,28,28
라형진,99423,2000,삼성,5.57,17,0,0,0,1,0,1,0.000,96,21,15,1,20,0,13,14,13
라형진,99423,2001,삼성,5.43,31,0,0,2,2,0,2,0.500,314,69 2/3,69,8,42,2,37,44,42
라형진,99423,2002,삼성,4.93,44,0,0,4,4,2,4,0.500,427,98 2/3,104,16,29,13,73,60,54
라형진,99423,2003,삼성,5.98,46,0,0,0,2,1,0,0.000,312,64 2/3,76,14,49,5,30,44,43
라형진,99423,2005,삼성,2.35,8,0,0,1,0,0,0,1.000,55,15 1/3,8,2,1,3,16,4,4
권오준,99445,2003,삼성,3.13,13,0,0,0,1,0,1,0.000,94,23,22,2,5,1,10,9,8
권오준,99445,2004,삼성,3.23,47,0,0,11,5,2,7,0.688,619,153 1/3,128,15,40,7,142,56,55
권오준,99445,2005,삼성,2.29,46,0,0,3,1,17,1,0.750,247,63,47,4,14,3,69,17,16
권오준,99445,2006,삼성,1.69,67,0,0,9,1,2,32,0.900,328,80,61,6,32,3,83,16,15
권오준,99445,2007,삼성,3.41,34,0,0,3,5,0,6,0.375,154,34 1/3,32,2,11,6,28,18,13
권오준,99445,2008,삼성,4.32,19,0,0,0,0,0,3,-,72,16 2/3,16,1,2,3,17,8,8
권오준,99445,2009,삼성,0.00,2,0,0,0,0,0,0,-,9,1 2/3,2,0,2,0,1,0,0
권오준,99445,2010,삼성,3.58,42,0,0,1,0,2,3,1.000,141,32 2/3,39,1,5,4,32,15,13
권오준,99445,2011,삼성,2.79,53,0,0,1,1,0,11,0.500,203,48 1/3,48,2,10,2,52,17,15
권오준,99445,2012,삼성,2.95,46,0,0,1,3,0,10,0.250,174,42 2/3,32,2,13,0,48,15,14
권오준,99445,2014,삼성,18.00,1,0,0,0,0,0,0,-,6,1,3,0,0,0,0,2,2
권오준,99445,2015,삼성,8.04,30,0,0,0,0,0,0,-,131,28,33,5,9,5,24,27,25
권오준,99445,2016,삼성,3.88,41,0,0,1,3,0,7,0.250,194,46 1/3,48,9,11,3,35,20,20
권오준,99445,2017,삼성,5.14,45,0,0,1,2,0,1,0.333,233,56,57,11,14,4,55,32,32
권오준,99445,2018,삼성,3.95,47,0,0,3,1,1,2,0.750,189,43 1/3,43,7,12,3,52,21,19
권오준,99445,2019,삼성,5.23,43,0,0,3,0,0,3,1.000,187,43,49,7,12,2,26,25,25
권오준,99445,2020,삼성,8.44,17,0,0,0,2,0,1,0.000,72,16,22,3,3,0,10,18,15
이준호,99450,1999,삼성,5.09,26,0,0,4,1,1,0,0.800,186,40 2/3,50,5,12,6,28,26,23
이준호,99450,2001,삼성,27.00,3,0,0,0,0,0,0,-,28,4,13,4,1,1,2,12,12
이준호,99450,2002,삼성,2.25,6,0,0,0,0,0,0,-,28,8,6,1,1,0,5,2,2
기론,99548,1999,롯데,3.30,24,2,0,5,1,2,0,0.833,313,73 2/3,59,7,33,6,57,29,27
기론,99548,2000,롯데,5.01,31,0,0,10,8,0,0,0.556,757,169,183,21,85,6,134,103,94
기론,99548,2001,롯데,5.48,10,0,0,4,2,0,0,0.667,209,47 2/3,42,8,30,3,42,32,29
기론,99548,2003,한화,4.59,15,0,0,3,3,1,0,0.500,288,64 2/3,62,8,31,3,49,35,33
정원욱,99560,1999,롯데,4.62,42,0,0,5,4,4,0,0.556,262,64 1/3,55,14,24,1,60,35,33
정원욱,99560,2000,롯데,4.81,20,0,0,0,0,0,1,-,164,39 1/3,42,3,13,2,31,21,21
정원욱,99560,2001,롯데,12.27,5,0,0,0,0,0,0,-,21,3 2/3,8,1,3,0,2,5,5
정원욱,99560,2002,롯데,7.20,4,0,0,0,0,0,0,-,25,5,10,0,1,1,3,4,4
길포일,99540,1999,롯데,13.50,6,0,0,0,0,1,0,-,32,6,10,1,4,0,3,9,9
김사율,99563,1999,롯데,7.89,11,0,0,1,3,1,0,0.250,139,29 2/3,34,8,21,0,16,26,26
김사율,99563,2000,롯데,5.25,30,0,0,1,3,1,0,0.250,204,48,47,6,17,5,31,32,28
김사율,99563,2001,롯데,4.33,35,0,0,1,1,2,2,0.500,297,68 2/3,71,9,23,3,54,37,33
김사율,99563,2002,롯데,5.48,49,0,0,4,11,0,2,0.267,501,108 1/3,119,12,55,11,64,76,66
김사율,99563,2003,롯데,5.45,20,0,0,1,2,0,1,0.333,160,36 1/3,42,5,15,1,15,23,22
김사율,99563,2004,롯데,27.00,1,0,0,0,0,0,0,-,7,1,3,0,1,0,2,3,3
김사율,99563,2007,롯데,5.40,2,0,0,0,0,0,0,-,9,1 2/3,3,0,1,0,0,1,1
김사율,99563,2008,롯데,3.74,19,0,0,1,0,0,1,1.000,93,21 2/3,16,1,11,3,8,9,9
김사율,99563,2009,롯데,9.45,8,0,0,0,0,0,1,-,61,13 1/3,22,4,1,1,5,15,14
김사율,99563,2010,롯데,3.75,52,0,0,1,4,5,5,0.200,258,57 2/3,59,4,25,5,38,28,24
김사율,99563,2011,롯데,3.26,61,0,0,5,3,20,2,0.625,275,66 1/3,60,4,22,2,54,27,24
김사율,99563,2012,롯데,2.98,50,0,0,2,3,34,1,0.400,190,45 1/3,45,4,11,2,43,16,15
김사율,99563,2013,롯데,4.00,35,0,0,3,7,1,3,0.300,322,74 1/3,74,11,34,2,47,35,33
김사율,99563,2014,롯데,5.79,33,0,0,2,5,0,2,0.286,358,79 1/3,95,13,30,3,71,55,51
김사율,99563,2015,KT,8.06,21,0,0,0,0,0,0,-,126,25 2/3,40,4,11,2,24,28,23
김사율,99563,2016,KT,5.34,25,0,0,0,1,1,1,0.000,143,30 1/3,29,4,17,2,27,20,18
김사율,99563,2017,KT,7.27,19,0,0,3,3,0,2,0.500,165,34 2/3,51,7,8,1,28,30,28
김사율,99563,2018,KT,5.76,29,0,0,1,2,0,0,0.333,204,45 1/3,56,12,10,2,35,32,29
유동훈,99639,1999,해태,4.75,40,1,0,7,9,2,0,0.438,682,155 1/3,155,26,59,19,87,87,82
유동훈,99639,2000,해태,6.71,29,0,0,0,3,0,1,0.000,281,56 1/3,82,9,28,12,21,50,42
유동훈,99639,2001,KIA,7.38,17,0,0,2,2,0,0,0.500,210,42 2/3,59,4,16,7,24,43,35
유동훈,99639,2003,KIA,3.80,12,0,0,0,0,1,0,-,92,21 1/3,21,2,7,2,11,9,9
유동훈,99639,2004,KIA,2.98,68,0,0,7,2,5,7,0.778,487,120 2/3,105,10,22,19,65,42,40
유동훈,99639,2008,KIA,3.43,55,0,0,6,3,2,8,0.667,316,78 2/3,65,2,18,9,39,32,30
유동훈,99639,2009,KIA,0.53,57,0,0,6,2,22,10,0.750,256,67 1/3,37,2,13,7,38,6,4
유동훈,99639,2010,KIA,2.85,48,0,0,3,2,14,1,0.600,196,47 1/3,46,1,10,7,32,20,15
유동훈,99639,2011,KIA,3.94,47,0,0,3,3,7,2,0.500,201,48,51,4,12,4,21,23,21
유동훈,99639,2012,KIA,5.29,43,0,0,1,0,6,5,1.000,141,34,33,0,10,2,29,20,20
유동훈,99639,2013,KIA,2.92,49,0,0,1,3,0,5,0.250,226,52 1/3,56,3,11,8,38,22,17
오창선,99738,1999,한화,0.00,1,0,0,0,0,0,0,-,3,1,0,0,0,0,0,0,0
오창선,99738,2000,한화,9.45,6,0,0,0,0,1,0,-,64,13 1/3,20,5,4,1,8,14,14
윤근주,99719,1999,한화,6.75,2,0,0,0,0,0,0,-,10,2 2/3,2,1,1,0,0,2,2
윤근주,99719,2000,한화,10.13,2,0,0,0,0,0,0,-,14,2 2/3,5,1,2,0,1,3,3
윤근주,99719,2001,한화,8.42,13,0,0,0,2,0,0,0.000,119,25 2/3,27,2,17,2,10,24,24
박정진,99737,1999,한화,8.03,12,0,0,0,0,0,0,-,61,12 1/3,15,2,10,0,11,12,11
박정진,99737,2000,한화,5.65,17,0,0,0,0,0,0,-,69,14 1/3,17,3,9,1,10,10,9
박정진,99737,2001,한화,4.74,30,0,0,4,3,0,0,0.571,259,57,53,5,31,2,44,34,30
박정진,99737,2002,한화,6.65,41,0,0,1,2,0,4,0.333,229,47 1/3,60,11,22,3,37,40,35
박정진,99737,2003,한화,4.31,57,0,0,6,7,3,11,0.462,429,100 1/3,82,8,50,3,73,52,48
박정진,99737,2004,한화,5.51,31,0,0,3,1,0,4,0.750,150,32 2/3,33,6,23,0,23,20,20
박정진,99737,2008,한화,6.75,5,0,0,0,0,0,0,-,8,1 1/3,4,1,1,0,0,1,1
박정진,99737,2009,한화,3.48,17,0,0,0,0,0,2,-,48,10 1/3,10,1,8,0,7,5,4
박정진,99737,2010,한화,3.06,56,0,0,2,4,10,6,0.333,327,79 1/3,58,3,36,3,80,32,27
박정진,99737,2011,한화,3.24,64,0,0,7,6,7,16,0.538,353,86,70,6,28,1,92,33,31
박정진,99737,2012,한화,5.47,63,0,0,4,4,3,12,0.500,205,49 1/3,36,4,27,0,45,30,30
박정진,99737,2013,한화,5.82,30,0,0,1,5,1,6,0.167,96,21 2/3,17,2,14,1,21,15,14
박정진,99737,2014,한화,6.02,60,0,0,4,4,9,7,0.500,224,49 1/3,54,5,25,1,51,39,33
박정진,99737,2015,한화,3.09,76,0,0,6,1,1,15,0.857,411,96,84,8,39,5,92,37,33
박정진,99737,2016,한화,5.57,77,0,0,4,4,0,6,0.500,374,84,96,11,33,2,85,58,52
박정진,99737,2017,한화,3.94,55,0,0,3,2,1,7,0.600,205,48,38,6,24,3,51,28,21
김병준,99742,2000,한화,5.67,22,0,0,0,1,1,0,0.000,191,39 2/3,50,9,21,5,25,32,25
김병준,99742,2001,한화,2.93,19,0,0,1,0,0,0,1.000,147,30 2/3,30,4,26,2,21,15,10
김병준,99742,2002,한화,6.15,15,0,0,1,1,0,0,0.500,119,26 1/3,34,2,7,2,17,19,18
전하진,99767,2000,한화,6.17,7,0,0,0,0,0,0,-,54,11 2/3,14,2,5,1,8,8,8
비아노,99846,1999,쌍방울,7.06,28,0,0,3,3,0,0,0.500,346,72 2/3,88,10,55,4,37,60,57
